   0.0066666667  0.00079521341   0.0013139749   0.0017308117
    0.013333333   0.0031996204   0.0052823127   0.0069519264
    0.020000000   0.0072378479    0.011931801    0.015680180
    0.026666667    0.012929741    0.021271889    0.027897199
    0.033333333    0.020290270    0.033294509    0.043549326
    0.040000000    0.029329459    0.047974002    0.062547915
    0.046666667    0.040052330    0.065267179    0.084769975
    0.053333333    0.052458860    0.085113488     0.11005918
    0.060000000    0.066543969     0.10743531     0.13822722
    0.066666667    0.082297513     0.13213838     0.16905548
    0.073333333    0.099704306     0.15911230     0.20229706
    0.080000000     0.11874415     0.18823115     0.23767903
    0.086666667     0.13939190     0.21935429     0.27490507
    0.093333333     0.16161751     0.25232717     0.31365823
     0.10000000     0.18538617     0.28698225     0.35360398
     0.10666667     0.21065835     0.32314009     0.39439350
     0.11333333     0.23738998     0.36061041     0.43566697
     0.12000000     0.26553256     0.39919331     0.47705716
     0.12666667     0.29503332     0.43868049     0.51819298
     0.13333333     0.32583539     0.47885662     0.55870314
     0.14000000     0.35787799     0.51950067     0.59821980
     0.14666667     0.39109663     0.56038729     0.63638220
     0.15333333     0.42542331     0.60128830     0.67284023
     0.16000000     0.46078675     0.64197408     0.70725791
     0.16666667     0.49711261     0.68221508     0.73931670
     0.17333333     0.53432377     0.72178326     0.76871867
     0.18000000     0.57234053     0.76045355     0.79518950
     0.18666667     0.61108091     0.79800528     0.81848118
     0.19333333     0.65046089     0.83422357     0.83837451
     0.20000000     0.69039470     0.86890070     0.85468128
     0.20666667     0.73079509     0.90183746     0.86724618
     0.21333333     0.77157360     0.93284434     0.87594835
     0.22000000     0.81264086     0.96174277     0.88070262
     0.22666667     0.85390684     0.98836624     0.88146038
     0.23333333     0.89528117      1.0125613     0.87821011
     0.24000000     0.93667340      1.0341886     0.87097755
     0.24666667     0.97799328      1.0531235     0.85982545
     0.25333333      1.0191510      1.0692573     0.84485304
     0.26000000      1.0600577      1.0824974     0.82619511
     0.26666667      1.1006252      1.0927682     0.80402070
     0.27333333      1.1407668      1.1000112     0.77853156
     0.28000000      1.1803973      1.1041857     0.74996021
     0.28666667      1.2194333      1.1052688     0.71856772
     0.29333333      1.2577933      1.1032555     0.68464127
     0.30000000      1.2953982      1.0981589     0.64849142
     0.30666667      1.3321711      1.0900097     0.61044915
     0.31333333      1.3680380      1.0788563     0.57086276
     0.32000000      1.4029275      1.0647643     0.53009458
     0.32666667      1.4367715      1.0478160     0.48851758
     0.33333333      1.4695047      1.0281101     0.44651185
     0.34000000      1.5010656      1.0057607     0.40446107
     0.34666667      1.5313957     0.98089678     0.36274896
     0.35333333      1.5604404     0.95366142     0.32175568
     0.36000000      1.5881488     0.92421070     0.28185437
     0.36666667      1.6144737     0.89271289     0.24340773
     0.37333333      1.6393717     0.85934729     0.20676467
     0.38000000      1.6628037     0.82430322     0.17225720
     0.38666667      1.6847342     0.78777879     0.14019743
     0.39333333      1.7051320     0.74997975     0.11087479
     0.40000000      1.7239698     0.71111823    0.084553465
     0.40666667      1.7412247     0.67141152    0.061470117
     0.41333333      1.7568775     0.63108073    0.041831841
     0.42000000      1.7709131     0.59034959    0.025814421
     0.42666667      1.7833208     0.54944310    0.013560893
     0.43333333      1.7940934     0.50858627   0.0051804105
     0.44000000      1.8032279     0.46800286  0.00074743734
     0.44666667      1.8107251     0.42791414  0.00030126378
     0.45333333      1.8165896     0.38853768   0.0038458469
     0.46000000      1.8208297     0.35008616    0.011349977
     0.46666667      1.8234572     0.31276627    0.022747763
     0.47333333      1.8244875     0.27677760    0.037939430
     0.48000000      1.8239392     0.24231164    0.056792418
     0.48666667      1.8218344     0.20955081    0.079142765
     0.49333333      1.8181980     0.17866755     0.10479677
     0.50000000      1.8130580     0.14982353     0.13353288
     0.50666667      1.8064454     0.12316888     0.16510388
     0.51333333      1.7983935    0.098841500     0.19923919
     0.52000000      1.7889383    0.076966520     0.23564743
     0.52666667      1.7781181    0.057655742     0.27401911
     0.53333333      1.7659735    0.041007241     0.31402948
     0.54000000      1.7525470    0.027105021     0.35534141
     0.54666667      1.7378829    0.016018760     0.39760849
     0.55333333      1.7220272   0.0078036451     0.44047800
     0.56000000      1.7050276   0.0025002846     0.48359405
     0.56666667      1.6869327  0.00013470981     0.52660065
     0.57333333      1.6677928  0.00071845474     0.56914473
     0.58000000      1.6476587   0.0042487156     0.61087914
     0.58666667      1.6265824    0.010708587     0.65146553
     0.59333333      1.6046164    0.020067371     0.69057714
     0.60000000      1.5818136    0.032280957     0.72790143
     0.60666667      1.5582275    0.047292263     0.76314259
     0.61333333      1.5339115    0.065031747     0.79602382
     0.62000000      1.5089193    0.085417966     0.82628950
     0.62666667      1.4833045     0.10835819     0.85370706
     0.63333333      1.4571201     0.13374909     0.87806868
     0.64000000      1.4304192     0.16147738     0.89919278
     0.64666667      1.4032541     0.19142066     0.91692517
     0.65333333      1.3756766     0.22344807     0.93114008
     0.66000000      1.3477376     0.25742121     0.94174084
     0.66666667      1.3194875     0.29319489     0.94866038
     0.67333333      1.2909752     0.33061796     0.95186138
     0.68000000      1.2622492     0.36953423     0.95133631
     0.68666667      1.2333563     0.40978326     0.94710707
     0.69333333      1.2043425     0.45120123     0.93922452
     0.70000000      1.1752521     0.49362180     0.92776772
     0.70666667      1.1461285     0.53687697     0.91284296
     0.71333333      1.1170134     0.58079785     0.89458259
     0.72000000      1.0879469     0.62521555     0.87314365
     0.72666667      1.0589679     0.66996189     0.84870636
     0.73333333      1.0301135     0.71487021     0.82147240
     0.74000000      1.0014192     0.75977609     0.79166307
     0.74666667     0.97291910     0.80451806     0.75951738
     0.75333333     0.94464537     0.84893826     0.72528992
     0.76000000     0.91662865     0.89288304     0.68924875
     0.76666667     0.88889786     0.93620359     0.65167319
     0.77333333     0.86148025     0.97875647     0.61285155
     0.78000000     0.83440139      1.0204041     0.57307885
     0.78666667     0.80768515      1.0610153     0.53265452
     0.79333333     0.78135375      1.1004654     0.49188016
     0.80000000     0.75542774      1.1386372     0.45105724
     0.80666667     0.72992605      1.1754206     0.41048492
     0.81333333     0.70486600      1.2107133     0.37045792
     0.82000000     0.68026331      1.2444211     0.33126446
     0.82666667     0.65613217      1.2764574     0.29318429
     0.83333333     0.63248522      1.3067445     0.25648682
     0.84000000     0.60933365      1.3352124     0.22142941
     0.84666667     0.58668719      1.3617999     0.18825573
     0.85333333     0.56455419      1.3864539     0.15719429
     0.86000000     0.54294161      1.4091298     0.12845716
     0.86666667     0.52185514      1.4297911     0.10223870
     0.87333333     0.50129919      1.4484094    0.078714657
     0.88000000     0.48127696      1.4649646    0.058041204
     0.88666667     0.46179048      1.4794441    0.040354313
     0.89333333     0.44284070      1.4918429    0.025769192
     0.90000000     0.42442749      1.5021636    0.014379924
     0.90666667     0.40654972      1.5104157   0.0062592504
     0.91333333     0.38920532      1.5166156   0.0014585242
     0.92000000     0.37239130      1.5207861  7.8034948E-06
     0.92666667     0.35610385      1.5229563   0.0019160997
     0.93333333     0.34033835      1.5231612   0.0071717631
     0.94000000     0.32508945      1.5214409    0.015743003
     0.94666667     0.31035111      1.5178412    0.027578531
     0.95333333     0.29611665      1.5124121    0.042608324
     0.96000000     0.28237880      1.5052083    0.060744491
     0.96666667     0.26912975      1.4962885    0.081882236
     0.97333333     0.25636123      1.4857148     0.10590091
     0.98000000     0.24406447      1.4735526     0.13266515
     0.98666667     0.23223034      1.4598702     0.16202604
     0.99333333     0.22084936      1.4447383     0.19382240
      1.0000000     0.20991171      1.4282297     0.22788205
      1.0066667     0.19940732      1.4104188     0.26402314
      1.0133333     0.18932588      1.3913816     0.30205547
      1.0200000     0.17965689      1.3711950     0.34178192
      1.0266667     0.17038967      1.3499365     0.38299973
      1.0333333     0.16151345      1.3276841     0.42550188
      1.0400000     0.15301735      1.3045156     0.46907843
      1.0466667     0.14489043      1.2805090     0.51351783
      1.0533333     0.13712172      1.2557413     0.55860820
      1.0600000     0.12970025      1.2302890     0.60413851
      1.0666667     0.12261508      1.2042275     0.64989985
      1.0733333     0.11585529      1.1776310     0.69568648
      1.0800000     0.10941007      1.1505720     0.74129695
      1.0866667     0.10326866      1.1231216     0.78653509
      1.0933333    0.097420442      1.0953489     0.83121094
      1.1000000    0.091854906      1.0673210     0.87514160
      1.1066667    0.086561696      1.0391028     0.91815205
      1.1133333    0.081530614      1.0107571     0.96007583
      1.1200000    0.076751633     0.98234401      1.0007557
      1.1266667    0.072214915     0.95392138      1.0400441
      1.1333333    0.067910814     0.92554435      1.0778037
      1.1400000    0.063829892     0.89726546      1.1139080
      1.1466667    0.059962924     0.86913454      1.1482410
      1.1533333    0.056300906     0.84119870      1.1806982
      1.1600000    0.052835063     0.81350228      1.2111862
      1.1666667    0.049556850     0.78608685      1.2396232
      1.1733333    0.046457959     0.75899122      1.2659385
      1.1800000    0.043530322     0.73225144      1.2900731
      1.1866667    0.040766112     0.70590084      1.3119790
      1.1933333    0.038157745     0.67997002      1.3316192
      1.2000000    0.035697881     0.65448696      1.3489678
      1.2066667    0.033379423     0.62947701      1.3640092
      1.2133333    0.031195517     0.60496297      1.3767380
      1.2200000    0.029139548     0.58096517      1.3871588
      1.2266667    0.027205144     0.55750152      1.3952855
      1.2333333    0.025386168     0.53458759      1.4011410
      1.2400000    0.023676715     0.51223669      1.4047567
      1.2466667    0.022071112     0.49045999      1.4061718
      1.2533333    0.020563912     0.46926654      1.4054333
      1.2600000    0.019149891     0.44866342      1.4025948
      1.2666667    0.017824042     0.42865582      1.3977164
      1.2733333    0.016581571     0.40924712      1.3908641
      1.2800000    0.015417892     0.39043901      1.3821090
      1.2866667    0.014328622     0.37223155      1.3715268
      1.2933333    0.013309576     0.35462331      1.3591975
      1.3000000    0.012356760     0.33761145      1.3452047
      1.3066667    0.011466368     0.32119181      1.3296347
      1.3133333    0.010634773     0.30535900      1.3125765
      1.3200000   0.0098585242     0.29010654      1.2941209
      1.3266667   0.0091343393     0.27542686      1.2743605
      1.3333333   0.0084590997     0.26131150      1.2533883
      1.3400000   0.0078298445     0.24775110      1.2312982
      1.3466667   0.0072437647     0.23473556      1.2081841
      1.3533333   0.0066981972     0.22225407      1.1841393
      1.3600000   0.0061906198     0.21029520      1.1592566
      1.3666667   0.0057186448     0.19884702      1.1336275
      1.3733333   0.0052800142     0.18789711      1.1073421
      1.3800000   0.0048725939     0.17743267      1.0804887
      1.3866667   0.0044943684     0.16744055      1.0531535
      1.3933333   0.0041434357     0.15790737      1.0254203
      1.4000000   0.0038180022     0.14881952     0.99737030
      1.4066667   0.0035163779     0.14016326     0.96908209
      1.4133333   0.0032369711     0.13192473     0.94063114
      1.4200000   0.0029782844     0.12409005     0.91208979
      1.4266667   0.0027389094     0.11664531     0.88352717
      1.4333333   0.0025175230     0.10957667     0.85500899
      1.4400000   0.0023128826     0.10287035     0.82659752
      1.4466667   0.0021238223    0.096512694     0.79835153
      1.4533333   0.0019492489    0.090490186     0.77032619
      1.4600000   0.0017881377    0.084789496     0.74257311
      1.4666667   0.0016395295    0.079397497     0.71514031
      1.4733333   0.0015025265    0.074301292     0.68807221
      1.4800000   0.0013762891    0.069488233     0.66140973
      1.4866667   0.0012600326    0.064945943     0.63519025
      1.4933333   0.0011530243    0.060662331     0.60944773
      1.5000000   0.0010545802    0.056625607     0.58421278
      1.5066667  0.00096406237    0.052824292     0.55951269
      1.5133333  0.00088087630    0.049247231     0.53537159
      1.5200000  0.00080446806    0.045883597     0.51181052
      1.5266667  0.00073432208    0.042722903     0.48884752
      1.5333333  0.00066995868    0.039754999     0.46649781
      1.5400000  0.00061093193    0.036970081     0.44477383
      1.5466667  0.00055682748    0.034358692     0.42368544
      1.5533333  0.00050726061    0.031911717     0.40324000
      1.5600000  0.00046187432    0.029620387     0.38344254
      1.5666667  0.00042033753    0.027476277     0.36429586
      1.5733333  0.00038234339    0.025471297     0.34580069
      1.5800000  0.00034760772    0.023597695     0.32795582
      1.5866667  0.00031586745    0.021848047     0.31075822
      1.5933333  0.00028687921    0.020215252     0.29420320
      1.6000000  0.00026041803    0.018692529     0.27828451
      1.6066667  0.00023627602    0.017273405     0.26299450
      1.6133333  0.00021426125    0.015951712     0.24832423
      1.6200000  0.00019419657    0.014721575     0.23426358
      1.6266667  0.00017591863    0.013577409     0.22080141
      1.6333333  0.00015927685    0.012513903     0.20792561
      1.6400000  0.00014413252    0.011526020     0.19562327
      1.6466667  0.00013035795    0.010608982     0.18388078
      1.6533333  0.00011783566   0.0097582618     0.17268388
      1.6600000  0.00010645761   0.0089695759     0.16201782
      1.6666667  9.6124534E-05   0.0082388742     0.15186739
      1.6733333  8.6745247E-05   0.0075623308     0.14221708
      1.6800000  7.8236058E-05   0.0069363354     0.13305109
      1.6866667  7.0520191E-05   0.0063574837     0.12435344
      1.6933333  6.3527255E-05   0.0058225691     0.11610804
      1.7000000  5.7192754E-05   0.0053285738     0.10829874
      1.7066667  5.1457623E-05   0.0048726599     0.10090942
      1.7133333  4.6267806E-05   0.0044521615    0.093924028
      1.7200000  4.1573858E-05   0.0040645760    0.087326611
      1.7266667  3.7330577E-05   0.0037075565    0.081101400
      1.7333333  3.3496666E-05   0.0033789039    0.075232829
      1.7400000  3.0034416E-05   0.0030765590    0.069705580
      1.7466667  2.6909413E-05   0.0027985957    0.064504617
      1.7533333  2.4090271E-05   0.0025432136    0.059615212
      1.7600000  2.1548378E-05   0.0023087316    0.055022976
      1.7666667  1.9257672E-05   0.0020935805    0.050713882
      1.7733333  1.7194419E-05   0.0018962976    0.046674280
      1.7800000  1.5337025E-05   0.0017155202    0.042890919
      1.7866667  1.3665852E-05   0.0015499799    0.039350957
      1.7933333  1.2163048E-05   0.0013984968    0.036041973
      1.8000000  1.0812399E-05   0.0012599748    0.032951977
      1.8066667  9.5991853E-06   0.0011333958    0.030069414
      1.8133333  8.5100514E-06   0.0010178156    0.027383169
      1.8200000  7.5328874E-06  0.00091235874    0.024882568
      1.8266667  6.6567199E-06  0.00081621472    0.022557381
      1.8333333  5.8716115E-06  0.00072863344    0.020397817
      1.8400000  5.1685690E-06  0.00064892154    0.018394527
      1.8466667  4.5394593E-06  0.00057643868    0.016538595
      1.8533333  3.9769323E-06  0.00051059411    0.014821535
      1.8600000  3.4743508E-06  0.00045084336    0.013235285
      1.8666667  3.0257264E-06  0.00039668525    0.011772204
      1.8733333  2.6256605E-06  0.00034765895    0.010425059
      1.8800000  2.2692913E-06  0.00030334136   0.0091870222
      1.8866667  1.9522453E-06  0.00026334453   0.0080516628
      1.8933333  1.6705929E-06  0.00022731341   0.0070129369
      1.9000000  1.4208086E-06  0.00019492359   0.0060651815
      1.9066667  1.1997347E-06  0.00016587935   0.0052031060
      1.9133333  1.0045486E-06  0.00013991180   0.0044217850
      1.9200000  8.3273354E-07  0.00011677715   0.0037166508
      1.9266667  6.8205169E-07  9.6255161E-05   0.0030834867
      1.9333333  5.5052087E-07  7.8147765E-05   0.0025184208
      1.9400000  4.3639344E-07  6.2277752E-05   0.0020179205
      1.9466667  3.3813763E-07  4.8487658E-05   0.0015787883
      1.9533333  2.5442138E-07  3.6638763E-05   0.0011981574
      1.9600000  1.8409823E-07  2.6610232E-05  0.00087349004
      1.9666667  1.2619534E-07  1.8298389E-05  0.00060257553
      1.9733333  7.9903552E-08  1.1616133E-05  0.00038353084
      1.9800000  4.4569416E-08  6.4924865E-06  0.00021480216
      1.9866667  1.9689106E-08  2.8722966E-06  9.5168438E-05
      1.9933333  4.9043020E-09  7.1607522E-07  2.3746763E-05
