    0.016666667  0.00029124806  0.00053684865  0.00074370016
    0.033333333   0.0011831661   0.0021785792   0.0030147481
    0.050000000   0.0027015309   0.0049655895   0.0068591350
    0.066666667   0.0048700206   0.0089293694    0.012303545
    0.083333333   0.0077100714    0.014092060    0.019354641
     0.10000000    0.011240745    0.020466090    0.027998611
     0.11666667    0.015478605    0.028053900    0.038200973
     0.13333333    0.020437608    0.036847747    0.049906656
     0.15000000    0.026129003    0.046829600    0.063040353
     0.16666667    0.032561248    0.057971130    0.077507140
     0.18333333    0.039739933    0.070233786    0.093193366
     0.20000000    0.047667726    0.083568968     0.10996779
     0.21666667    0.056344322    0.097918284     0.12768298
     0.23333333    0.065766420     0.11321391     0.14617691
     0.25000000    0.075927699     0.12937900     0.16527476
     0.26666667    0.086818824     0.14632825     0.18479099
     0.28333333    0.098427454     0.16396846     0.20453142
     0.30000000     0.11073827     0.18219922     0.22429557
     0.31666667     0.12373303     0.20091366     0.24387907
     0.33333333     0.13739061     0.21999923     0.26307611
     0.35000000     0.15168708     0.23933858     0.28168196
     0.36666667     0.16659579     0.25881047     0.29949551
     0.38333333     0.18208747     0.27829070     0.31632175
     0.40000000     0.19813035     0.29765309     0.33197424
     0.41666667     0.21469024     0.31677049     0.34627744
     0.43333333     0.23173075     0.33551580     0.35906897
     0.45000000     0.24921332     0.35376296     0.37020168
     0.46666667     0.26709748     0.37138801     0.37954561
     0.48333333     0.28534095     0.38827007     0.38698963
     0.50000000     0.30389984     0.40429231     0.39244301
     0.51666667     0.32272880     0.41934293     0.39583661
     0.53333333     0.34178124     0.43331606     0.39712389
     0.55000000     0.36100951     0.44611265     0.39628164
     0.56666667     0.38036507     0.45764123     0.39331038
     0.58333333     0.39979871     0.46781873     0.38823455
     0.60000000     0.41926075     0.47657111     0.38110231
     0.61666667     0.43870123     0.48383403     0.37198517
     0.63333333     0.45807012     0.48955334     0.36097719
     0.65000000     0.47731750     0.49368555     0.34819407
     0.66666667     0.49639378     0.49619818     0.33377183
     0.68333333     0.51524988     0.49707010     0.31786534
     0.70000000     0.53383743     0.49629162     0.30064657
     0.71666667     0.55210894     0.49386469     0.28230267
     0.73333333     0.57001800     0.48980282     0.26303383
     0.75000000     0.58751942     0.48413104     0.24305099
     0.76666667     0.60456943     0.47688570     0.22257348
     0.78333333     0.62112582     0.46811423     0.20182648
     0.80000000     0.63714808     0.45787475     0.18103844
     0.81666667     0.65259755     0.44623565     0.16043852
     0.83333333     0.66743756     0.43327510     0.14025392
     0.85000000     0.68163352     0.41908044     0.12070736
     0.86666667     0.69515304     0.40374752     0.10201448
     0.88333333     0.70796603     0.38738001    0.084381500
     0.90000000     0.72004478     0.37008863    0.068002811
     0.91666667     0.73136402     0.35199028    0.053058862
     0.93333333     0.74190103     0.33320726    0.039714137
     0.95000000     0.75163560     0.31386632    0.028115351
     0.96666667     0.76055016     0.29409775    0.018389853
     0.98333333     0.76862973     0.27403445    0.010644261
      1.0000000     0.77586200     0.25381100   0.0049633462
      1.0166667     0.78223727     0.23356266   0.0014091664
      1.0333333     0.78774847     0.21342447  2.0471170E-05
      1.0500000     0.79239115     0.19353026  0.00081237228
      1.0666667     0.79616341     0.17401180   0.0037762865
      1.0833333     0.79906590     0.15499787   0.0088801472
      1.1000000     0.80110174     0.13661339    0.016068880
      1.1166667     0.80227649     0.11897864    0.025265137
      1.1333333     0.80259801     0.10220847    0.036370267
      1.1500000     0.80207649    0.086411544    0.049265530
      1.1666667     0.80072426    0.071689733    0.063813516
      1.1833333     0.79855576    0.058137453    0.079859762
      1.2000000     0.79558742    0.045841145    0.097234543
      1.2166667     0.79183756    0.034878783     0.11575482
      1.2333333     0.78732627    0.025319464     0.13522630
      1.2500000     0.78207531    0.017223066     0.15544564
      1.2666667     0.77610798    0.010639973     0.17620266
      1.2833333     0.76944901   0.0056108755     0.19728268
      1.3000000     0.76212443   0.0021666440     0.21846880
      1.3166667     0.75416144  0.00032826923     0.23954428
      1.3333333     0.74558830  0.00010687588     0.26029480
      1.3500000     0.73643418   0.0015038035     0.28051068
      1.3666667     0.72672905   0.0045107537     0.29998910
      1.3833333     0.71650356   0.0091100009     0.31853609
      1.4000000     0.70578891    0.015274663     0.33596852
      1.4166667     0.69461670    0.022969031     0.35211587
      1.4333333     0.68301887    0.032148946     0.36682188
      1.4500000     0.67102750    0.042762234     0.37994602
      1.4666667     0.65867480    0.054749178     0.39136472
      1.4833333     0.64599290    0.068043030     0.40097251
      1.5000000     0.63301381    0.082570563     0.40868287
      1.5166667     0.61976929    0.098252647     0.41442886
      1.5333333     0.60629075     0.11500486     0.41816364
      1.5500000     0.59260918     0.13273809     0.41986061
      1.5666667     0.57875505     0.15135921     0.41951353
      1.5833333     0.56475823     0.17077168     0.41713623
      1.6000000     0.55064790     0.19087626     0.41276232
      1.6166667     0.53645252     0.21157158     0.40644453
      1.6333333     0.52219971     0.23275487     0.39825397
      1.6500000     0.50791624     0.25432254     0.38827918
      1.6666667     0.49362796     0.27617084     0.37662506
      1.6833333     0.47935974     0.29819646     0.36341159
      1.7000000     0.46513546     0.32029710     0.34877250
      1.7166667     0.45097793     0.34237203     0.33285375
      1.7333333     0.43690891     0.36432268     0.31581202
      1.7500000     0.42294905     0.38605305     0.29781299
      1.7666667     0.40911788     0.40747026     0.27902974
      1.7833333     0.39543382     0.42848497     0.25964094
      1.8000000     0.38191413     0.44901173     0.23982914
      1.8166667     0.36857492     0.46896943     0.21977899
      1.8333333     0.35543120     0.48828152     0.19967556
      1.8500000     0.34249679     0.50687637     0.17970260
      1.8666667     0.32978443     0.52468749     0.16004091
      1.8833333     0.31730570     0.54165373     0.14086680
      1.9000000     0.30507112     0.55771941     0.12235050
      1.9166667     0.29309011     0.57283451     0.10465487
      1.9333333     0.28137105     0.58695470    0.087934017
      1.9500000     0.26992129     0.60004139    0.072332135
      1.9666667     0.25874715     0.61206176    0.057982442
      1.9833333     0.24785403     0.62298873    0.045006237
      2.0000000     0.23724636     0.63280089    0.033512096
      2.0166667     0.22692767     0.64148241    0.023595202
      2.0333333     0.21690064     0.64902293    0.015336819
      2.0500000     0.20716711     0.65541740   0.0088039011
      2.0666667     0.19772813     0.66066592   0.0040488424
      2.0833333     0.18858401     0.66477353   0.0011093612
      2.1000000     0.17973435     0.66775002  8.5198989E-06
      2.1166667     0.17117807     0.66960964  0.00075487133
      2.1333333     0.16291346     0.67037093   0.0033427281
      2.1500000     0.15493824     0.67005637   0.0077525477
      2.1666667     0.14724955     0.66869218    0.013951425
      2.1833333     0.13984407     0.66630798    0.021893686
      2.2000000     0.13271796     0.66293654    0.031521570
      2.2166667     0.12586698     0.65861344    0.042765991
      2.2333333     0.11928649     0.65337684    0.055547380
      2.2500000     0.11297151     0.64726710    0.069776572
      2.2666667     0.10691673     0.64032657    0.085355757
      2.2833333     0.10111655     0.63259922     0.10217946
      2.3000000    0.095565140     0.62413041     0.12013558
      2.3166667    0.090256439     0.61496657     0.13910637
      2.3333333    0.085184212     0.60515497     0.15896955
      2.3500000    0.080342066     0.59474341     0.17959929
      2.3666667    0.075723485     0.58378000     0.20086729
      2.3833333    0.071321855     0.57231291     0.22264376
      2.4000000    0.067130489     0.56039013     0.24479842
      2.4166667    0.063142654     0.54805930     0.26720147
      2.4333333    0.059351592     0.53536743     0.28972450
      2.4500000    0.055750543     0.52236077     0.31224134
      2.4666667    0.052332765     0.50908464     0.33462889
      2.4833333    0.049091551     0.49558323     0.35676788
      2.5000000    0.046020247     0.48189950     0.37854357
      2.5166667    0.043112268     0.46807501     0.39984638
      2.5333333    0.040361114     0.45414985     0.42057245
      2.5500000    0.037760381     0.44016250     0.44062418
      2.5666667    0.035303772     0.42614978     0.45991061
      2.5833333    0.032985111     0.41214673     0.47834782
      2.6000000    0.030798351     0.39818661     0.49585921
      2.6166667    0.028737579     0.38430081     0.51237574
      2.6333333    0.026797031     0.37051884     0.52783608
      2.6500000    0.024971087     0.35686832     0.54218669
      2.6666667    0.023254288     0.34337491     0.55538189
      2.6833333    0.021641332     0.33006240     0.56738382
      2.7000000    0.020127079     0.31695264     0.57816235
      2.7166667    0.018706556     0.30406560     0.58769496
      2.7333333    0.017374958     0.29141941     0.59596656
      2.7500000    0.016127646     0.27903037     0.60296925
      2.7666667    0.014960151     0.26691298     0.60870208
      2.7833333    0.013868172     0.25508003     0.61317071
      2.8000000    0.012847575     0.24354262     0.61638713
      2.8166667    0.011894391     0.23231025     0.61836926
      2.8333333    0.011004817     0.22139085     0.61914057
      2.8500000    0.010175213     0.21079087     0.61872970
      2.8666667   0.0094020938     0.20051533     0.61717004
      2.8833333   0.0086821346     0.19056793     0.61449927
      2.9000000   0.0080121620     0.18095107     0.61075897
      2.9166667   0.0073891519     0.17166597     0.60599417
      2.9333333   0.0068102262     0.16271272     0.60025290
      2.9500000   0.0062726483     0.15409038     0.59358580
      2.9666667   0.0057738193     0.14579702     0.58604562
      2.9833333   0.0053112734     0.13782982     0.57768691
      3.0000000   0.0048826740     0.13018514     0.56856551
      3.0166667   0.0044858088     0.12285860     0.55873825
      3.0333333   0.0041185858     0.11584511     0.54826252
      3.0500000   0.0037790284     0.10913901     0.53719596
      3.0666667   0.0034652711     0.10273406     0.52559608
      3.0833333   0.0031755552    0.096623561     0.51352000
      3.1000000   0.0029082238    0.090800387     0.50102410
      3.1166667   0.0026617179    0.085257052     0.48816383
      3.1333333   0.0024345720    0.079985767     0.47499337
      3.1500000   0.0022254093    0.074978491     0.46156548
      3.1666667   0.0020329383    0.070226980     0.44793128
      3.1833333   0.0018559482    0.065722840     0.43414006
      3.2000000   0.0016933047    0.061457563     0.42023913
      3.2166667   0.0015439468    0.057422574     0.40627373
      3.2333333   0.0014068824    0.053609267     0.39228684
      3.2500000   0.0012811849    0.050009039     0.37831917
      3.2666667   0.0011659895    0.046613328     0.36440905
      3.2833333   0.0010604901    0.043413632     0.35059239
      3.3000000  0.00096393547    0.040401547     0.33690265
      3.3166667  0.00087562668    0.037568783     0.32337084
      3.3333333  0.00079491366    0.034907191     0.31002547
      3.3500000  0.00072119241    0.032408778     0.29689265
      3.3666667  0.00065390222    0.030065726     0.28399604
      3.3833333  0.00059252301    0.027870408     0.27135694
      3.4000000  0.00053657276    0.025815395     0.25899434
      3.4166667  0.00048560513    0.023893473     0.24692495
      3.4333333  0.00043920715    0.022097646     0.23516332
      3.4500000  0.00039699705    0.020421149     0.22372188
      3.4666667  0.00035862216    0.018857447     0.21261105
      3.4833333  0.00032375701    0.017400242     0.20183932
      3.5000000  0.00029210143    0.016043475     0.19141335
      3.5166667  0.00026337881    0.014781327     0.18133807
      3.5333333  0.00023733450    0.013608219     0.17161677
      3.5500000  0.00021373420    0.012518809     0.16225124
      3.5666667  0.00019236253    0.011507994     0.15324182
      3.5833333  0.00017302165    0.010570902     0.14458754
      3.6000000  0.00015552999   0.0097028932     0.13628622
      3.6166667  0.00013972102   0.0088995520     0.12833455
      3.6333333  0.00012544214   0.0081566837     0.12072823
      3.6500000  0.00011255362   0.0074703086     0.11346203
      3.6666667  0.00010092759   0.0068366564     0.10652990
      3.6833333  9.0447177E-05   0.0062521596    0.099925062
      3.7000000  8.1005576E-05   0.0057134477    0.093640095
      3.7166667  7.2505302E-05   0.0052173395    0.087667026
      3.7333333  6.4857427E-05   0.0047608372    0.081997404
      3.7500000  5.7980894E-05   0.0043411185    0.076622377
      3.7666667  5.1801873E-05   0.0039555304    0.071532767
      3.7833333  4.6253170E-05   0.0036015812    0.066719137
      3.8000000  4.1273674E-05   0.0032769341    0.062171853
      3.8166667  3.6807848E-05   0.0029793999    0.057881143
      3.8333333  3.2805259E-05   0.0027069299    0.053837154
      3.8500000  2.9220142E-05   0.0024576094    0.050029999
      3.8666667  2.6010999E-05   0.0022296505    0.046449805
      3.8833333  2.3140226E-05   0.0020213859    0.043086755
      3.9000000  2.0573776E-05   0.0018312621    0.039931123
      3.9166667  1.8280844E-05   0.0016578337    0.036973315
      3.9333333  1.6233578E-05   0.0014997567    0.034203890
      3.9500000  1.4406813E-05   0.0013557832    0.031613592
      3.9666667  1.2777830E-05   0.0012247556    0.029193374
      3.9833333  1.1326133E-05   0.0011056007    0.026934415
      4.0000000  1.0033242E-05  0.00099732545    0.024828139
      4.0166667  8.8825110E-06  0.00089901105    0.022866228
      4.0333333  7.8589531E-06  0.00080980871    0.021040635
      4.0500000  6.9490860E-06  0.00072893494    0.019343590
      4.0666667  6.1407895E-06  0.00065566726    0.017767612
      4.0833333  5.4231755E-06  0.00058934008    0.016305507
      4.1000000  4.7864697E-06  0.00052934081    0.014950375
      4.1166667  4.2219038E-06  0.00047510620    0.013695612
      4.1333333  3.7216174E-06  0.00042611880    0.012534905
      4.1500000  3.2785690E-06  0.00038190376    0.011462234
      4.1666667  2.8864551E-06  0.00034202564    0.010471865
      4.1833333  2.5396366E-06  0.00030608557   0.0095583498
      4.2000000  2.2330725E-06  0.00027371848   0.0087165172
      4.2166667  1.9622595E-06  0.00024459057   0.0079414682
      4.2333333  1.7231774E-06  0.00021839685   0.0072285688
      4.2500000  1.5122396E-06  0.00019485897   0.0065734424
      4.2666667  1.3262489E-06  0.00017372308   0.0059719617
      4.2833333  1.1623568E-06  0.00015475788   0.0054202404
      4.3000000  1.0180274E-06  0.00013775280   0.0049146242
      4.3166667  8.9100482E-07  0.00012251633   0.0044516818
      4.3333333  7.7928311E-07  0.00010887443   0.0040281960
      4.3500000  6.8108029E-07  9.6669072E-05   0.0036411542
      4.3666667  5.9481419E-07  8.5756886E-05   0.0032877392
      4.3833333  5.1908102E-07  7.6007926E-05   0.0029653203
      4.4000000  4.5263614E-07  6.7304503E-05   0.0026714437
      4.4166667  3.9437673E-07  5.9540121E-05   0.0024038236
      4.4333333  3.4332630E-07  5.2618494E-05   0.0021603337
      4.4500000  2.9862082E-07  4.6452640E-05   0.0019389983
      4.4666667  2.5949624E-07  4.0964046E-05   0.0017379838
      4.4833333  2.2527743E-07  3.6081906E-05   0.0015555907
      4.5000000  1.9536820E-07  3.1742416E-05   0.0013902458
      4.5166667  1.6924243E-07  2.7888128E-05   0.0012404942
      4.5333333  1.4643617E-07  2.4467364E-05   0.0011049925
      4.5500000  1.2654055E-07  2.1433671E-05  0.00098250121
      4.5666667  1.0919548E-07  1.8745331E-05  0.00087187851
      4.5833333  9.4084087E-08  1.6364909E-05  0.00077207360
      4.6000000  8.0927676E-08  1.4258843E-05  0.00068212066
      4.6166667  6.9481338E-08  1.2397068E-05  0.00060113308
      4.6333333  5.9529996E-08  1.0752678E-05  0.00052829795
      4.6500000  5.0884912E-08  9.3016141E-06  0.00046287095
      4.6666667  4.3380588E-08  8.0223863E-06  0.00040417142
      4.6833333  3.6872026E-08  6.8958166E-06  0.00035157779
      4.7000000  3.1232290E-08  5.9048092E-06  0.00030452331
      4.7166667  2.6350364E-08  5.0341425E-06  0.00026249205
      4.7333333  2.2129252E-08  4.2702805E-06  0.00022501509
      4.7500000  1.8484299E-08  3.6012035E-06  0.00019166713
      4.7666667  1.5341723E-08  3.0162551E-06  0.00016206318
      4.7833333  1.2637310E-08  2.5060060E-06  0.00013585566
      4.8000000  1.0315279E-08  2.0621309E-06  0.00011273163
      4.8166667  8.3272819E-09  1.6772996E-06  9.2410280E-05
      4.8333333  6.6315314E-09  1.3450793E-06  7.4640702E-05
      4.8500000  5.1920415E-09  1.0598489E-06  5.9199799E-05
      4.8666667  3.9779702E-09  8.1672366E-07  4.5890481E-05
      4.8833333  2.9630534E-09  6.1148859E-07  3.4540037E-05
      4.9000000  2.1251214E-09  4.4054211E-07  2.4998741E-05
      4.9166667  1.4456914E-09  3.0084753E-07  1.7138662E-05
      4.9333333  9.0962957E-10  1.8989284E-07  1.0852683E-05
      4.9500000  5.0487763E-10  1.0565839E-07  6.0537519E-06
      4.9666667  2.2224148E-10  4.6592196E-08  2.6743388E-06
      4.9833333  5.5238039E-11  1.1592837E-08  6.6613703E-07
