   0.0066666667  5.8022211E-05  0.00029506494  0.00074406119
    0.013333333  0.00023360104   0.0011875415   0.0029929424
    0.020000000  0.00052896642   0.0026875314   0.0067670757
    0.026666667  0.00094629565   0.0048040190    0.012080636
    0.033333333   0.0014877116   0.0075448446    0.018941431
    0.040000000   0.0021552809    0.010916679    0.027350822
    0.046666667   0.0029510122    0.014925003    0.037303665
    0.053333333   0.0038768545    0.019574084    0.048788283
    0.060000000   0.0049346951    0.024866960    0.061786467
    0.066666667   0.0061263584    0.030805424    0.076273500
    0.073333333   0.0074536040    0.037390013    0.092218217
    0.080000000   0.0089181250    0.044619992     0.10958308
    0.086666667    0.010521547    0.052493351     0.12832429
    0.093333333    0.012265424    0.061006795     0.14839194
     0.10000000    0.014151243    0.070155746     0.16973013
     0.10666667    0.016180414    0.079934337     0.19227722
     0.11333333    0.018354277    0.090335419     0.21596601
     0.12000000    0.020674093     0.10135056     0.24072396
     0.12666667    0.023141048     0.11297006     0.26647351
     0.13333333    0.025756251     0.12518295     0.29313230
     0.14000000    0.028520729     0.13797702     0.32061353
     0.14666667    0.031435432     0.15133882     0.34882625
     0.15333333    0.034501224     0.16525366     0.37767574
     0.16000000    0.037718889     0.17970570     0.40706384
     0.16666667    0.041089126     0.19467788     0.43688937
     0.17333333    0.044612550     0.21015200     0.46704847
     0.18000000    0.048289688     0.22610875     0.49743508
     0.18666667    0.052120981     0.24252772     0.52794129
     0.19333333    0.056106781     0.25938743     0.55845782
     0.20000000    0.060247354     0.27666538     0.58887443
     0.20666667    0.064542873     0.29433808     0.61908039
     0.21333333    0.068993422     0.31238107     0.64896489
     0.22000000    0.073598994     0.33076902     0.67841755
     0.22666667    0.078359490     0.34947568     0.70732879
     0.23333333    0.083274719     0.36847401     0.73559038
     0.24000000    0.088344397     0.38773618     0.76309578
     0.24666667    0.093568145     0.40723364     0.78974070
     0.25333333    0.098945493     0.42693715     0.81542342
     0.26000000     0.10447587     0.44681684     0.84004530
     0.26666667     0.11015863     0.46684229     0.86351118
     0.27333333     0.11599300     0.48698253     0.88572974
     0.28000000     0.12197814     0.50720615     0.90661396
     0.28666667     0.12811311     0.52748132     0.92608143
     0.29333333     0.13439685     0.54777586     0.94405478
     0.30000000     0.14082824     0.56805732     0.96046193
     0.30666667     0.14740605     0.58829299     0.97523648
     0.31333333     0.15412895     0.60845002     0.98831799
     0.32000000     0.16099551     0.62849544     0.99965224
     0.32666667     0.16800423     0.64839624      1.0091915
     0.33333333     0.17515349     0.66811941      1.0168947
     0.34000000     0.18244158     0.68763205      1.0227277
     0.34666667     0.18986671     0.70690139      1.0266634
     0.35333333     0.19742698     0.72589485      1.0286821
     0.36000000     0.20512042     0.74458013      1.0287710
     0.36666667     0.21294494     0.76292528      1.0269252
     0.37333333     0.22089837     0.78089871      1.0231470
     0.38000000     0.22897845     0.79846931      1.0174462
     0.38666667     0.23718283     0.81560647      1.0098401
     0.39333333     0.24550908     0.83228017      1.0003534
     0.40000000     0.25395466     0.84846102     0.98901836
     0.40666667     0.26251696     0.86412032     0.97587434
     0.41333333     0.27119327     0.87923013     0.96096791
     0.42000000     0.27998081     0.89376332     0.94435264
     0.42666667     0.28887670     0.90769362     0.92608891
     0.43333333     0.29787799     0.92099567     0.90624367
     0.44000000     0.30698163     0.93364511     0.88489026
     0.44666667     0.31618450     0.94561856     0.86210806
     0.45333333     0.32548342     0.95689375     0.83798228
     0.46000000     0.33487509     0.96744949     0.81260357
     0.46666667     0.34435616     0.97726578     0.78606771
     0.47333333     0.35392321     0.98632382     0.75847525
     0.48000000     0.36357273     0.99460604     0.72993111
     0.48666667     0.37330114      1.0020962     0.70054418
     0.49333333     0.38310480      1.0087793     0.67042691
     0.50000000     0.39297999      1.0146417     0.63969486
     0.50666667     0.40292293      1.0196713     0.60846623
     0.51333333     0.41292977      1.0238573     0.57686145
     0.52000000     0.42299660      1.0271903     0.54500264
     0.52666667     0.43311944      1.0296625     0.51301320
     0.53333333     0.44329426      1.0312673     0.48101724
     0.54000000     0.45351698      1.0320000     0.44913916
     0.54666667     0.46378344      1.0318573     0.41750311
     0.55333333     0.47408945      1.0308372     0.38623250
     0.56000000     0.48443075      1.0289394     0.35544952
     0.56666667     0.49480305      1.0261653     0.32527463
     0.57333333     0.50520199      1.0225177     0.29582610
     0.58000000     0.51562319      1.0180010     0.26721950
     0.58666667     0.52606220      1.0126210     0.23956725
     0.59333333     0.53651456      1.0063854     0.21297816
     0.60000000     0.54697575     0.99930308     0.18755700
     0.60666667     0.55744122     0.99138468     0.16340405
     0.61333333     0.56790639     0.98264227     0.14061468
     0.62000000     0.57836664     0.97308944     0.11927902
     0.62666667     0.58881734     0.96274128    0.099481486
     0.63333333     0.59925381     0.95161432    0.081300537
     0.64000000     0.60967138     0.93972654    0.064808275
     0.64666667     0.62006532     0.92709731    0.050070177
     0.65333333     0.63043091     0.91374741    0.037144807
     0.66000000     0.64076340     0.89969894    0.026083577
     0.66666667     0.65105804     0.88497530    0.016930523
     0.67333333     0.66131006     0.86960119   0.0097221136
     0.68000000     0.67151468     0.85360251   0.0044870966
     0.68666667     0.68166713     0.83700636   0.0012463655
     0.69333333     0.69176262     0.81984098  1.2864591E-05
     0.70000000     0.70179637     0.80213568  0.00079152422
     0.70666667     0.71176361     0.78392082   0.0035792282
     0.71333333     0.72165956     0.76522777   0.0083648141
     0.72000000     0.73147945     0.74608880    0.015129106
     0.72666667     0.74121855     0.72653707    0.023844982
     0.73333333     0.75087210     0.70660654    0.034477467
     0.74000000     0.76043539     0.68633195    0.046983869
     0.74666667     0.76990372     0.66574873    0.061313937
     0.75333333     0.77927241     0.64489292    0.077410055
     0.76000000     0.78853680     0.62380114    0.095207463
     0.76666667     0.79769228     0.60251052     0.11463451
     0.77333333     0.80673424     0.58105861     0.13561294
     0.78000000     0.81565813     0.55948332     0.15805819
     0.78666667     0.82445943     0.53782287     0.18187974
     0.79333333     0.83313364     0.51611570     0.20698144
     0.80000000     0.84167632     0.49440040     0.23326193
     0.80666667     0.85008308     0.47271564     0.26061503
     0.81333333     0.85834956     0.45110013     0.28893016
     0.82000000     0.86647147     0.42959248     0.31809278
     0.82666667     0.87444454     0.40823120     0.34798487
     0.83333333     0.88226459     0.38705459     0.37848537
     0.84000000     0.88992748     0.36610068     0.40947070
     0.84666667     0.89742913     0.34540714     0.44081524
     0.85333333     0.90476553     0.32501124     0.47239187
     0.86000000     0.91193273     0.30494977     0.50407241
     0.86666667     0.91892685     0.28525895     0.53572824
     0.87333333     0.92574409     0.26597438     0.56723073
     0.88000000     0.93238069     0.24713098     0.59845183
     0.88666667     0.93883301     0.22876290     0.62926454
     0.89333333     0.94509746     0.21090349     0.65954349
     0.90000000     0.95117053     0.19358519     0.68916536
     0.90666667     0.95704881     0.17683950     0.71800948
     0.91333333     0.96272895     0.16069692     0.74595826
     0.92000000     0.96820771     0.14518689     0.77289770
     0.92666667     0.97348193     0.13033771     0.79871783
     0.93333333     0.97854853     0.11617650     0.82331320
     0.94000000     0.98340455     0.10272917     0.84658328
     0.94666667     0.98804709    0.090020341     0.86843290
     0.95333333     0.99247338    0.078073291     0.88877262
     0.96000000     0.99668074    0.066909938     0.90751910
     0.96666667      1.0006666    0.056550777     0.92459548
     0.97333333      1.0044284    0.047014843     0.93993164
     0.98000000      1.0079639    0.038319677     0.95346454
     0.98666667      1.0112707    0.030481285     0.96513847
     0.99333333      1.0143467    0.023514109     0.97490527
      1.0000000      1.0171899    0.017430996     0.98272454
      1.0066667      1.0197983    0.012243175     0.98856382
      1.0133333      1.0221701   0.0079602257     0.99239871
      1.0200000      1.0243035   0.0045900670     0.99421300
      1.0266667      1.0261971   0.0021389332     0.99399870
      1.0333333      1.0278493  0.00061136258     0.99175614
      1.0400000      1.0292587  1.0185230E-05     0.98749391
      1.0466667      1.0304241  0.00033651577     0.98122887
      1.0533333      1.0313445   0.0015897484     0.97298610
      1.0600000      1.0320188   0.0037675558     0.96279874
      1.0666667      1.0324461   0.0068658905     0.95070793
      1.0733333      1.0326257    0.010878991     0.93676259
      1.0800000      1.0325570    0.015799388     0.92101927
      1.0866667      1.0322394    0.021617919     0.90354190
      1.0933333      1.0316727    0.028323741     0.88440152
      1.1000000      1.0308566    0.035904349     0.86367602
      1.1066667      1.0297909    0.044345599     0.84144982
      1.1133333      1.0284757    0.053631729     0.81781350
      1.1200000      1.0269111    0.063745389     0.79286348
      1.1266667      1.0250974    0.074667672     0.76670157
      1.1333333      1.0230350    0.086378145     0.73943462
      1.1400000      1.0207245    0.098854889     0.71117401
      1.1466667      1.0181664     0.11207453     0.68203527
      1.1533333      1.0153616     0.12601231     0.65213756
      1.1600000      1.0123111     0.14064207     0.62160318
      1.1666667      1.0090158     0.15593637     0.59055712
      1.1733333      1.0054770     0.17186650     0.55912648
      1.1800000      1.0016959     0.18840254     0.52744001
      1.1866667     0.99767412     0.20551340     0.49562752
      1.1933333     0.99341307     0.22316690     0.46381941
      1.2000000     0.98891452     0.24132983     0.43214608
      1.2066667     0.98418029     0.25996799     0.40073745
      1.2133333     0.97921234     0.27904627     0.36972236
      1.2200000     0.97401275     0.29852872     0.33922810
      1.2266667     0.96858374     0.31837859     0.30937984
      1.2333333     0.96292764     0.33855844     0.28030014
      1.2400000     0.95704691     0.35903016     0.25210843
      1.2466667     0.95094415     0.37975509     0.22492054
      1.2533333     0.94462205     0.40069407     0.19884819
      1.2600000     0.93808345     0.42180750     0.17399854
      1.2666667     0.93133129     0.44305544     0.15047377
      1.2733333     0.92436866     0.46439767     0.12837061
      1.2800000     0.91719872     0.48579378     0.10777999
      1.2866667     0.90982478     0.50720322    0.088786625
      1.2933333     0.90225027     0.52858541    0.071468673
      1.3000000     0.89447872     0.54989979    0.055897420
      1.3066667     0.88651375     0.57110592    0.042136977
      1.3133333     0.87835914     0.59216351    0.030244009
      1.3200000     0.87001874     0.61303258    0.020267501
      1.3266667     0.86149652     0.63367345    0.012248556
      1.3333333     0.85279655     0.65404687   0.0062202159
      1.3400000     0.84392301     0.67411407   0.0022073266
      1.3466667     0.83488016     0.69383684  0.00022643037
      1.3533333     0.82567240     0.71317762  0.00028569464
      1.3600000     0.81630419     0.73209953   0.0023848747
      1.3666667     0.80678008     0.75056649   0.0065153116
      1.3733333     0.79710475     0.76854326    0.012659965
      1.3800000     0.78728294     0.78599551    0.020793478
      1.3866667     0.77731949     0.80288990    0.030882284
      1.3933333     0.76721930     0.81919412    0.042884735
      1.4000000     0.75698739     0.83487697    0.056751277
      1.4066667     0.74662884     0.84990844    0.072424648
      1.4133333     0.73614880     0.86425972    0.089840113
      1.4200000     0.72555252     0.87790328     0.10892573
      1.4266667     0.71484529     0.89081295     0.12960264
      1.4333333     0.70403249     0.90296392     0.15178540
      1.4400000     0.69311956     0.91433283     0.17538232
      1.4466667     0.68211201     0.92489779     0.20029586
      1.4533333     0.67101541     0.93463843     0.22642300
      1.4600000     0.65983537     0.94353595     0.25365570
      1.4666667     0.64857757     0.95157316     0.28188133
      1.4733333     0.63724776     0.95873448     0.31098312
      1.4800000     0.62585170     0.96500601     0.34084066
      1.4866667     0.61439521     0.97037554     0.37133039
      1.4933333     0.60288418     0.97483257     0.40232612
      1.5000000     0.59132450     0.97836835     0.43369953
      1.5066667     0.57972212     0.98097587     0.46532073
      1.5133333     0.56808301     0.98264990     0.49705877
      1.5200000     0.55641318     0.98338700     0.52878219
      1.5266667     0.54471867     0.98318550     0.56035957
      1.5333333     0.53300552     0.98204554     0.59166009
      1.5400000     0.52127982     0.97996905     0.62255403
      1.5466667     0.50954765     0.97695974     0.65291332
      1.5533333     0.49781513     0.97302313     0.68261213
      1.5600000     0.48608836     0.96816650     0.71152729
      1.5666667     0.47437348     0.96239889     0.73953889
      1.5733333     0.46267661     0.95573110     0.76653072
      1.5800000     0.45100387     0.94817566     0.79239080
      1.5866667     0.43936139     0.93974678     0.81701181
      1.5933333     0.42775527     0.93046039     0.84029154
      1.6000000     0.41619164     0.92033403     0.86213333
      1.6066667     0.40467657     0.90938688     0.88244646
      1.6133333     0.39321614     0.89763969     0.90114654
      1.6200000     0.38181640     0.88511476     0.91815585
      1.6266667     0.37048339     0.87183589     0.93340367
      1.6333333     0.35922310     0.85782831     0.94682657
      1.6400000     0.34804151     0.84311870     0.95836868
      1.6466667     0.33694455     0.82773506     0.96798193
      1.6533333     0.32593812     0.81170672     0.97562623
      1.6600000     0.31502809     0.79506425     0.98126966
      1.6666667     0.30422026     0.77783939     0.98488861
      1.6733333     0.29352040     0.76006504     0.98646785
      1.6800000     0.28293422     0.74177515     0.98600062
      1.6866667     0.27246740     0.72300468     0.98348865
      1.6933333     0.26212552     0.70378951     0.97894215
      1.7000000     0.25191415     0.68416642     0.97237980
      1.7066667     0.24183874     0.66417295     0.96382864
      1.7133333     0.23190473     0.64384739     0.95332396
      1.7200000     0.22211744     0.62322867     0.94090918
      1.7266667     0.21248215     0.60235630     0.92663566
      1.7333333     0.20300405     0.58127028     0.91056249
      1.7400000     0.19368825     0.56001106     0.89275624
      1.7466667     0.18453979     0.53861941     0.87329067
      1.7533333     0.17556361     0.51713639     0.85224648
      1.7600000     0.16676456     0.49560323     0.82971091
      1.7666667     0.15814742     0.47406129     0.80577743
      1.7733333     0.14971685     0.45255193     0.78054532
      1.7800000     0.14147743     0.43111649     0.75411927
      1.7866667     0.13343363     0.40979616     0.72660896
      1.7933333     0.12558982     0.38863194     0.69812858
      1.8000000     0.11795029     0.36766453     0.66879638
      1.8066667     0.11051918     0.34693426     0.63873414
      1.8133333     0.10330055     0.32648101     0.60806673
      1.8200000    0.096298333     0.30634417     0.57692153
      1.8266667    0.089516358     0.28656249     0.54542793
      1.8333333    0.082958332     0.26717407     0.51371678
      1.8400000    0.076627841     0.24821626     0.48191986
      1.8466667    0.070528352     0.22972558     0.45016931
      1.8533333    0.064663207     0.21173767     0.41859713
      1.8600000    0.059035623     0.19428720     0.38733454
      1.8666667    0.053648690     0.17740783     0.35651155
      1.8733333    0.048505365     0.16113210     0.32625630
      1.8800000    0.043608478     0.14549141     0.29669464
      1.8866667    0.038960723     0.13051595     0.26794949
      1.8933333    0.034564658     0.11623461     0.24014044
      1.9000000    0.030422707     0.10267496     0.21338317
      1.9066667    0.026537153    0.089863185     0.18778900
      1.9133333    0.022910142    0.077824028     0.16346443
      1.9200000    0.019543677    0.066580746     0.14051068
      1.9266667    0.016439619    0.056155060     0.11902329
      1.9333333    0.013599684    0.046567120    0.099091682
      1.9400000    0.011025446    0.037835457    0.080798832
      1.9466667   0.0087183293    0.029976953    0.064220891
      1.9533333   0.0066796138    0.023006805    0.049426882
      1.9600000   0.0049104305    0.016938493    0.036478404
      1.9666667   0.0034117615    0.011783758    0.025429378
      1.9733333   0.0021844394   0.0075525726    0.016325819
      1.9800000   0.0012291464   0.0042531259   0.0092056444
      1.9866667  0.00054641413   0.0018918046   0.0040985117
      1.9933333  0.00013662257  0.00047318024   0.0010256963
