       rho
  0.02000000000 -0.01203497252 -0.02422671059 -0.03649204538
  0.04000000000 -0.01203497252 -0.02422671059 -0.03649204538
  0.06000000000 -0.01203497252 -0.02422671059 -0.03649204538
  0.08000000000 -0.01203497252 -0.02422671059 -0.03649204538
   0.1000000000 -0.01203497252 -0.02422671059 -0.03649204538
   0.1200000000 -0.01203497252 -0.02422671059 -0.03649204538
   0.1400000000 -0.01203497252 -0.02422671059 -0.03649204538
   0.1600000000 -0.01203497252 -0.02422671059 -0.03649204538
   0.1800000000 -0.01203497252 -0.02422671059 -0.03649204538
   0.2000000000 -0.01203497252 -0.02422671059 -0.03649204538
   0.2200000000 -0.01203497252 -0.02422671059 -0.03649204538
   0.2400000000 -0.01203497252 -0.02422671059 -0.03649204538
   0.2600000000 -0.01203497252 -0.02422671059 -0.03649204538
   0.2800000000 -0.01203497252 -0.02422671059 -0.03649204538
   0.3000000000 -0.01203497252 -0.02422671059 -0.03649204538
   0.3200000000 -0.01203497252 -0.02422671059 -0.03649204538
   0.3400000000 -0.01203497252 -0.02422671059 -0.03649204538
   0.3600000000 -0.01203497252 -0.02422671059 -0.03649204538
   0.3800000000 -0.01203497252 -0.02422671059 -0.03649204538
   0.4000000000 -0.01203497252 -0.02422671059 -0.03649204538
   0.4200000000 -0.01203497252 -0.02422671059 -0.03649204538
   0.4400000000 -0.01203497252 -0.02422671059 -0.03649204538
   0.4600000000 -0.01203497252 -0.02422671059 -0.03649204538
   0.4800000000 -0.01203497252 -0.02422671059 -0.03649204538
   0.5000000000 -0.01203497252 -0.02422671059 -0.03649204538
   0.5200000000 -0.01203497252 -0.02422671059 -0.03649204538
   0.5400000000 -0.01203497252 -0.02422671059 -0.03649204538
   0.5600000000 -0.01203497252 -0.02422671059 -0.03649204538
   0.5800000000 -0.01203497252 -0.02422671059 -0.03649204538
   0.6000000000 -0.01203497252 -0.02422671059 -0.03649204538
   0.6200000000 -0.01203497252 -0.02422671059 -0.03649204538
   0.6400000000 -0.01203497252 -0.02422671059 -0.03649204538
   0.6600000000 -0.01203497252 -0.02422671059 -0.03649204538
   0.6800000000 -0.01203497252 -0.02422671059 -0.03649204538
   0.7000000000 -0.01203497252 -0.02422671059 -0.03649204538
   0.7200000000 -0.01203497252 -0.02422671059 -0.03649204538
   0.7400000000 -0.01203497252 -0.02422671059 -0.03649204538
   0.7600000000 -0.01203497252 -0.02422671059 -0.03649204538
   0.7800000000 -0.01203497252 -0.02422671059 -0.03649204538
   0.8000000000 -0.01203497252 -0.02422671059 -0.03649204538
   0.8200000000 -0.01203497252 -0.02422671059 -0.03649204538
   0.8400000000 -0.01203497252 -0.02422671059 -0.03649204538
   0.8600000000 -0.01203497252 -0.02422671059 -0.03649204538
   0.8800000000 -0.01203497252 -0.02422671059 -0.03649204538
   0.9000000000 -0.01203497252 -0.02422671059 -0.03649204538
   0.9200000000 -0.01203497252 -0.02422671059 -0.03649204538
   0.9400000000 -0.01203497252 -0.02422671059 -0.03649204538
   0.9600000000 -0.01203497252 -0.02422671059 -0.03649204538
   0.9800000000 -0.01203497252 -0.02422671059 -0.03649204538
    1.000000000 -0.01203497252 -0.02422671059 -0.03649204538
    1.020000000 -0.01203497252 -0.02422671059 -0.03649204538
    1.040000000 -0.01203497252 -0.02422671059 -0.03649204538
    1.060000000 -0.01203497252 -0.02422671059 -0.03649204538
    1.080000000 -0.01203497252 -0.02422671059 -0.03649204538
    1.100000000 -0.01203497252 -0.02422671059 -0.03649204538
    1.120000000 -0.01203497252 -0.02422671059 -0.03649204538
    1.140000000 -0.01203497252 -0.02422671059 -0.03649204538
    1.160000000 -0.01203497252 -0.02422671059 -0.03649204538
    1.180000000 -0.01203497252 -0.02422671059 -0.03649204538
    1.200000000 -0.01203497252 -0.02422671059 -0.03649204538
    1.220000000 -0.01203497252 -0.02422671059 -0.03649204538
    1.240000000 -0.01203497252 -0.02422671059 -0.03649204538
    1.260000000 -0.01203497252 -0.02422671059 -0.03649204538
    1.280000000 -0.01203497252 -0.02422671059 -0.03649204538
    1.300000000 -0.01203497252 -0.02422671059 -0.03649204538
    1.320000000 -0.01203497252 -0.02422671059 -0.03649204538
    1.340000000 -0.01203497252 -0.02422671059 -0.03649204538
    1.360000000 -0.01203497252 -0.02422671059 -0.03649204538
    1.380000000 -0.01203497252 -0.02422671059 -0.03649204538
    1.400000000 -0.01203497252 -0.02422671059 -0.03649204538
    1.420000000 -0.01203497252 -0.02422671059 -0.03649204538
    1.440000000 -0.01203497252 -0.02422671059 -0.03649204538
    1.460000000 -0.01203497252 -0.02422671059 -0.03649204538
    1.480000000 -0.01203497252 -0.02422671059 -0.03649204538
    1.500000000 -0.01203497252 -0.02422671059 -0.03649204538
    1.520000000 -0.01203497252 -0.02422671059 -0.03649204538
    1.540000000 -0.01203497252 -0.02422671059 -0.03649204538
    1.560000000 -0.01203497252 -0.02422671059 -0.03649204538
    1.580000000 -0.01203497252 -0.02422671059 -0.03649204538
    1.600000000 -0.01203497252 -0.02422671059 -0.03649204538
    1.620000000 -0.01203497252 -0.02422671059 -0.03649204538
    1.640000000 -0.01203497252 -0.02422671059 -0.03649204538
    1.660000000 -0.01203497252 -0.02422671059 -0.03649204538
    1.680000000 -0.01203497252 -0.02422671059 -0.03649204538
    1.700000000 -0.01203497252 -0.02422671059 -0.03649204538
    1.720000000 -0.01203497252 -0.02422671059 -0.03649204538
    1.740000000 -0.01203497252 -0.02422671059 -0.03649204538
    1.760000000 -0.01203497252 -0.02422671059 -0.03649204538
    1.780000000 -0.01203497252 -0.02422671059 -0.03649204538
    1.800000000 -0.01203497252 -0.02422671059 -0.03649204538
    1.820000000 -0.01203497252 -0.02422671059 -0.03649204538
    1.840000000 -0.01203497252 -0.02422671059 -0.03649204538
    1.860000000 -0.01203497252 -0.02422671059 -0.03649204538
    1.880000000 -0.01203497252 -0.02422671059 -0.03649204538
    1.900000000 -0.01203497252 -0.02422671059 -0.03649204538
    1.920000000 -0.01203497252 -0.02422671059 -0.03649204538
    1.940000000 -0.01203497252 -0.02422671059 -0.03649204538
    1.960000000 -0.01203497252 -0.02422671059 -0.03649204538
    1.980000000 -0.01203497252 -0.02422671059 -0.03649204538
    2.000000000 -0.01203497252 -0.02422671059 -0.03649204538
    2.020000000 -0.01203497252 -0.02422671059 -0.03649204538
    2.040000000 -0.01203497252 -0.02422671059 -0.03649204538
    2.060000000 -0.01203497252 -0.02422671059 -0.03649204538
    2.080000000 -0.01203497252 -0.02422671059 -0.03649204538
    2.100000000 -0.01203497252 -0.02422671059 -0.03649204538
    2.120000000 -0.01203497252 -0.02422671059 -0.03649204538
    2.140000000 -0.01203497252 -0.02422671059 -0.03649204538
    2.160000000 -0.01203497252 -0.02422671059 -0.03649204538
    2.180000000 -0.01203497252 -0.02422671059 -0.03649204538
    2.200000000 -0.01203497252 -0.02422671059 -0.03649204538
    2.220000000 -0.01203497252 -0.02422671059 -0.03649204538
    2.240000000 -0.01203497252 -0.02422671059 -0.03649204538
    2.260000000 -0.01203497252 -0.02422671059 -0.03649204538
    2.280000000 -0.01203497252 -0.02422671059 -0.03649204538
    2.300000000 -0.01203497252 -0.02422671059 -0.03649204538
    2.320000000 -0.01203497252 -0.02422671059 -0.03649204538
    2.340000000 -0.01203497252 -0.02422671059 -0.03649204538
    2.360000000 -0.01203497252 -0.02422671059 -0.03649204538
    2.380000000 -0.01203497252 -0.02422671059 -0.03649204538
    2.400000000 -0.01203497252 -0.02422671059 -0.03649204538
    2.420000000 -0.01203497252 -0.02422671059 -0.03649204538
    2.440000000 -0.01203497252 -0.02422671059 -0.03649204538
    2.460000000 -0.01203497252 -0.02422671059 -0.03649204538
    2.480000000 -0.01203497252 -0.02422671059 -0.03649204538
    2.500000000 -0.01203497252 -0.02422671059 -0.03649204538
    2.520000000 -0.01203497252 -0.02422671059 -0.03649204538
    2.540000000 -0.01203497252 -0.02422671059 -0.03649204538
    2.560000000 -0.01203497252 -0.02422671059 -0.03649204538
    2.580000000 -0.01203497252 -0.02422671059 -0.03649204538
    2.600000000 -0.01203497252 -0.02422671059 -0.03649204538
    2.620000000 -0.01203497252 -0.02422671059 -0.03649204538
    2.640000000 -0.01203497252 -0.02422671059 -0.03649204538
    2.660000000 -0.01203497252 -0.02422671059 -0.03649204538
    2.680000000 -0.01203497252 -0.02422671059 -0.03649204538
    2.700000000 -0.01203497252 -0.02422671059 -0.03649204538
    2.720000000 -0.01203497252 -0.02422671059 -0.03649204538
    2.740000000 -0.01203497252 -0.02422671059 -0.03649204538
    2.760000000 -0.01203497252 -0.02422671059 -0.03649204538
    2.780000000 -0.01203497252 -0.02422671059 -0.03649204538
    2.800000000 -0.01203497252 -0.02422671059 -0.03649204538
    2.820000000 -0.01203497252 -0.02422671059 -0.03649204538
    2.840000000 -0.01203497252 -0.02422671059 -0.03649204538
    2.860000000 -0.01203497252 -0.02422671059 -0.03649204538
    2.880000000 -0.01203497252 -0.02422671059 -0.03649204538
    2.900000000 -0.01203497252 -0.02422671059 -0.03649204538
    2.920000000 -0.01203497252 -0.02422671059 -0.03649204538
    2.940000000 -0.01203497252 -0.02422671059 -0.03649204538
    2.960000000 -0.01203497252 -0.02422671059 -0.03649204538
    2.980000000 -0.01203497252 -0.02422671059 -0.03649204538
    3.000000000 -0.01203497252 -0.02422671059 -0.03649204538
    3.020000000 -0.01203497252 -0.02422671059 -0.03649204538
    3.040000000 -0.01203497252 -0.02422671059 -0.03649204538
    3.060000000 -0.01203497252 -0.02422671059 -0.03649204538
    3.080000000 -0.01203497252 -0.02422671059 -0.03649204538
    3.100000000 -0.01203497252 -0.02422671059 -0.03649204538
    3.120000000 -0.01203497252 -0.02422671059 -0.03649204538
    3.140000000 -0.01203497252 -0.02422671059 -0.03649204538
    3.160000000 -0.01203497252 -0.02422671059 -0.03649204538
    3.180000000 -0.01203497252 -0.02422671059 -0.03649204538
    3.200000000 -0.01203497252 -0.02422671059 -0.03649204538
    3.220000000 -0.01203497252 -0.02422671059 -0.03649204538
    3.240000000 -0.01203497252 -0.02422671059 -0.03649204538
    3.260000000 -0.01203497252 -0.02422671059 -0.03649204538
    3.280000000 -0.01203497252 -0.02422671059 -0.03649204538
    3.300000000 -0.01203497252 -0.02422671059 -0.03649204538
    3.320000000 -0.01203497252 -0.02422671059 -0.03649204538
    3.340000000 -0.01203497252 -0.02422671059 -0.03649204538
    3.360000000 -0.01203497252 -0.02422671059 -0.03649204538
    3.380000000 -0.01203497252 -0.02422671059 -0.03649204538
    3.400000000 -0.01203497252 -0.02422671059 -0.03649204538
    3.420000000 -0.01203497252 -0.02422671059 -0.03649204538
    3.440000000 -0.01203497252 -0.02422671059 -0.03649204538
    3.460000000 -0.01203497252 -0.02422671059 -0.03649204538
    3.480000000 -0.01203497252 -0.02422671059 -0.03649204538
    3.500000000 -0.01203497252 -0.02422671059 -0.03649204538
    3.520000000 -0.01203497252 -0.02422671059 -0.03649204538
    3.540000000 -0.01203497252 -0.02422671059 -0.03649204538
    3.560000000 -0.01203497252 -0.02422671059 -0.03649204538
    3.580000000 -0.01203497252 -0.02422671059 -0.03649204538
    3.600000000 -0.01203497252 -0.02422671059 -0.03649204538
    3.620000000 -0.01203497252 -0.02422671059 -0.03649204538
    3.640000000 -0.01203497252 -0.02422671059 -0.03649204538
    3.660000000 -0.01203497252 -0.02422671059 -0.03649204538
    3.680000000 -0.01203497252 -0.02422671059 -0.03649204538
    3.700000000 -0.01203497252 -0.02422671059 -0.03649204538
    3.720000000 -0.01203497252 -0.02422671059 -0.03649204538
    3.740000000 -0.01203497252 -0.02422671059 -0.03649204538
    3.760000000 -0.01203497252 -0.02422671059 -0.03649204538
    3.780000000 -0.01203497252 -0.02422671059 -0.03649204538
    3.800000000 -0.01203497252 -0.02422671059 -0.03649204538
    3.820000000 -0.01203497252 -0.02422671059 -0.03649204538
    3.840000000 -0.01203497252 -0.02422671059 -0.03649204538
    3.860000000 -0.01203497252 -0.02422671059 -0.03649204538
    3.880000000 -0.01203497252 -0.02422671059 -0.03649204538
    3.900000000 -0.01203497252 -0.02422671059 -0.03649204538
    3.920000000 -0.01203497252 -0.02422671059 -0.03649204538
    3.940000000 -0.01203497252 -0.02422671059 -0.03649204538
    3.960000000 -0.01203497252 -0.02422671059 -0.03649204538
    3.980000000 -0.01203497252 -0.02422671059 -0.03649204538
    4.000000000 -0.01203497252 -0.02422671059 -0.03649204538
    4.020000000 -0.01203497252 -0.02422671059 -0.03649204538
    4.040000000 -0.01203497252 -0.02422671059 -0.03649204538
    4.060000000 -0.01203497252 -0.02422671059 -0.03649204538
    4.080000000 -0.01203497252 -0.02422671059 -0.03649204538
    4.100000000 -0.01203497252 -0.02422671059 -0.03649204538
    4.120000000 -0.01203497252 -0.02422671059 -0.03649204538
    4.140000000 -0.01203497252 -0.02422671059 -0.03649204538
    4.160000000 -0.01203497252 -0.02422671059 -0.03649204538
    4.180000000 -0.01203497252 -0.02422671059 -0.03649204538
    4.200000000 -0.01203497252 -0.02422671059 -0.03649204538
    4.220000000 -0.01203497252 -0.02422671059 -0.03649204538
    4.240000000 -0.01203497252 -0.02422671059 -0.03649204538
    4.260000000 -0.01203497252 -0.02422671059 -0.03649204538
    4.280000000 -0.01203497252 -0.02422671059 -0.03649204538
    4.300000000 -0.01203497252 -0.02422671059 -0.03649204538
    4.320000000 -0.01203497252 -0.02422671059 -0.03649204538
    4.340000000 -0.01203497252 -0.02422671059 -0.03649204538
    4.360000000 -0.01203497252 -0.02422671059 -0.03649204538
    4.380000000 -0.01203497252 -0.02422671059 -0.03649204538
    4.400000000 -0.01203497252 -0.02422671059 -0.03649204538
    4.420000000 -0.01203497252 -0.02422671059 -0.03649204538
    4.440000000 -0.01203497252 -0.02422671059 -0.03649204538
    4.460000000 -0.01203497252 -0.02422671059 -0.03649204538
    4.480000000 -0.01203497252 -0.02422671059 -0.03649204538
    4.500000000 -0.01203497252 -0.02422671059 -0.03649204538
    4.520000000 -0.01203497252 -0.02422671059 -0.03649204538
    4.540000000 -0.01203497252 -0.02422671059 -0.03649204538
    4.560000000 -0.01203497252 -0.02422671059 -0.03649204538
    4.580000000 -0.01203497252 -0.02422671059 -0.03649204538
    4.600000000 -0.01203497252 -0.02422671059 -0.03649204538
    4.620000000 -0.01203497252 -0.02422671059 -0.03649204538
    4.640000000 -0.01203497252 -0.02422671059 -0.03649204538
    4.660000000 -0.01203497252 -0.02422671059 -0.03649204538
    4.680000000 -0.01203497252 -0.02422671059 -0.03649204538
    4.700000000 -0.01203497252 -0.02422671059 -0.03649204538
    4.720000000 -0.01203497252 -0.02422671059 -0.03649204538
    4.740000000 -0.01203497252 -0.02422671059 -0.03649204538
    4.760000000 -0.01203497252 -0.02422671059 -0.03649204538
    4.780000000 -0.01203497252 -0.02422671059 -0.03649204538
    4.800000000 -0.01203497252 -0.02422671059 -0.03649204538
    4.820000000 -0.01203497252 -0.02422671059 -0.03649204538
    4.840000000 -0.01203497252 -0.02422671059 -0.03649204538
    4.860000000 -0.01203497252 -0.02422671059 -0.03649204538
    4.880000000 -0.01203497252 -0.02422671059 -0.03649204538
    4.900000000 -0.01203497252 -0.02422671059 -0.03649204538
    4.920000000 -0.01203497252 -0.02422671059 -0.03649204538
    4.940000000 -0.01203497252 -0.02422671059 -0.03649204538
    4.960000000 -0.01203497252 -0.02422671059 -0.03649204538
    4.980000000 -0.01203497252 -0.02422671059 -0.03649204538
