  -1.8263e-03
  -3.6621e-03
  -5.5062e-03
  -7.3576e-03
  -9.2154e-03
  -1.1078e-02
  -1.2946e-02
  -1.4816e-02
  -1.6689e-02
  -1.8563e-02
  -2.0437e-02
  -2.2310e-02
  -2.4181e-02
  -2.6049e-02
  -2.7912e-02
  -2.9771e-02
  -3.1624e-02
  -3.3469e-02
  -3.5306e-02
  -3.7135e-02
  -3.8953e-02
  -4.0759e-02
  -4.2554e-02
  -4.4336e-02
  -4.6103e-02
  -4.7856e-02
  -4.9593e-02
  -5.1313e-02
  -5.3015e-02
  -5.4699e-02
  -5.6363e-02
  -5.8007e-02
  -5.9630e-02
  -6.1231e-02
  -6.2810e-02
  -6.4364e-02
  -6.5895e-02
  -6.7401e-02
  -6.8881e-02
  -7.0334e-02
  -7.1761e-02
  -7.3160e-02
  -7.4530e-02
  -7.5872e-02
  -7.7184e-02
  -7.8466e-02
  -7.9718e-02
  -8.0939e-02
  -8.2128e-02
  -8.3285e-02
  -8.4410e-02
  -8.5502e-02
  -8.6561e-02
  -8.7586e-02
  -8.8578e-02
  -8.9536e-02
  -9.0459e-02
  -9.1347e-02
  -9.2201e-02
  -9.3019e-02
  -9.3802e-02
  -9.4550e-02
  -9.5263e-02
  -9.5940e-02
  -9.6581e-02
  -9.7187e-02
  -9.7757e-02
  -9.8291e-02
  -9.8790e-02
  -9.9253e-02
  -9.9681e-02
  -1.0007e-01
  -1.0043e-01
  -1.0075e-01
  -1.0104e-01
  -1.0129e-01
  -1.0151e-01
  -1.0169e-01
  -1.0184e-01
  -1.0196e-01
  -1.0204e-01
  -1.0209e-01
  -1.0211e-01
  -1.0209e-01
  -1.0204e-01
  -1.0196e-01
  -1.0185e-01
  -1.0171e-01
  -1.0154e-01
  -1.0134e-01
  -1.0111e-01
  -1.0085e-01
  -1.0056e-01
  -1.0024e-01
  -9.9897e-02
  -9.9527e-02
  -9.9130e-02
  -9.8707e-02
  -9.8259e-02
  -9.7786e-02
  -9.7289e-02
  -9.6769e-02
  -9.6226e-02
  -9.5661e-02
  -9.5073e-02
  -9.4465e-02
  -9.3837e-02
  -9.3189e-02
  -9.2521e-02
  -9.1835e-02
  -9.1131e-02
  -9.0410e-02
  -8.9672e-02
  -8.8917e-02
  -8.8148e-02
  -8.7364e-02
  -8.6566e-02
  -8.5754e-02
  -8.4929e-02
  -8.4092e-02
  -8.3243e-02
  -8.2384e-02
  -8.1514e-02
  -8.0634e-02
  -7.9745e-02
  -7.8847e-02
  -7.7942e-02
  -7.7029e-02
  -7.6109e-02
  -7.5183e-02
  -7.4252e-02
  -7.3315e-02
  -7.2374e-02
  -7.1429e-02
  -7.0480e-02
  -6.9528e-02
  -6.8574e-02
  -6.7618e-02
  -6.6661e-02
  -6.5703e-02
  -6.4744e-02
  -6.3785e-02
  -6.2827e-02
  -6.1870e-02
  -6.0914e-02
  -5.9960e-02
  -5.9008e-02
  -5.8059e-02
  -5.7113e-02
  -5.6171e-02
  -5.5232e-02
  -5.4298e-02
  -5.3368e-02
  -5.2443e-02
  -5.1523e-02
  -5.0608e-02
  -4.9700e-02
  -4.8798e-02
  -4.7902e-02
  -4.7013e-02
  -4.6130e-02
  -4.5255e-02
  -4.4388e-02
  -4.3528e-02
  -4.2676e-02
  -4.1833e-02
  -4.0997e-02
  -4.0170e-02
  -3.9352e-02
  -3.8543e-02
  -3.7742e-02
  -3.6951e-02
  -3.6170e-02
  -3.5397e-02
  -3.4634e-02
  -3.3881e-02
  -3.3138e-02
  -3.2404e-02
  -3.1681e-02
  -3.0967e-02
  -3.0264e-02
  -2.9571e-02
  -2.8887e-02
  -2.8215e-02
  -2.7552e-02
  -2.6900e-02
  -2.6258e-02
  -2.5626e-02
  -2.5005e-02
  -2.4393e-02
  -2.3793e-02
  -2.3202e-02
  -2.2622e-02
  -2.2052e-02
  -2.1492e-02
  -2.0943e-02
  -2.0403e-02
  -1.9874e-02
  -1.9355e-02
  -1.8845e-02
  -1.8346e-02
  -1.7856e-02
  -1.7376e-02
  -1.6906e-02
  -1.6445e-02
  -1.5994e-02
  -1.5552e-02
  -1.5120e-02
  -1.4697e-02
  -1.4283e-02
  -1.3878e-02
  -1.3482e-02
  -1.3095e-02
  -1.2716e-02
  -1.2346e-02
  -1.1985e-02
  -1.1632e-02
  -1.1287e-02
  -1.0951e-02
  -1.0622e-02
  -1.0302e-02
  -9.9890e-03
  -9.6840e-03
  -9.3865e-03
  -9.0965e-03
  -8.8138e-03
  -8.5383e-03
  -8.2698e-03
  -8.0084e-03
  -7.7537e-03
  -7.5058e-03
  -7.2645e-03
  -7.0296e-03
  -6.8010e-03
  -6.5787e-03
  -6.3625e-03
  -6.1522e-03
  -5.9478e-03
  -5.7492e-03
  -5.5561e-03
  -5.3686e-03
  -5.1864e-03
  -5.0095e-03
  -4.8377e-03
  -4.6710e-03
  -4.5092e-03
  -4.3522e-03
  -4.1999e-03
  -4.0522e-03
  -3.9090e-03
  -3.7701e-03
  -3.6355e-03
  -3.5051e-03
  -3.3787e-03
  -3.2564e-03
  -3.1378e-03
  -3.0231e-03
  -2.9120e-03
  -2.8044e-03
  -2.7004e-03
  -2.5997e-03
  -2.5023e-03
  -2.4082e-03
  -2.3171e-03
  -2.2291e-03
  -2.1441e-03
  -2.0619e-03
  -1.9825e-03
  -1.9058e-03
  -1.8318e-03
  -1.7602e-03
  -1.6912e-03
  -1.6246e-03
  -1.5603e-03
  -1.4983e-03
  -1.4385e-03
  -1.3808e-03
  -1.3252e-03
  -1.2716e-03
  -1.2199e-03
  -1.1701e-03
  -1.1221e-03
  -1.0759e-03
  -1.0314e-03
  -9.8852e-04
  -9.4726e-04
  -9.0754e-04
  -8.6931e-04
  -8.3253e-04
  -7.9714e-04
  -7.6310e-04
  -7.3037e-04
  -6.9889e-04
  -6.6863e-04
  -6.3954e-04
  -6.1158e-04
  -5.8471e-04
  -5.5890e-04
  -5.3410e-04
  -5.1028e-04
  -4.8740e-04
  -4.6544e-04
  -4.4434e-04
  -4.2409e-04
  -4.0465e-04
  -3.8600e-04
  -3.6809e-04
  -3.5090e-04
  -3.3441e-04
  -3.1858e-04
  -3.0340e-04
  -2.8883e-04
  -2.7485e-04
  -2.6143e-04
  -2.4856e-04
  -2.3621e-04
  -2.2436e-04
  -2.1298e-04
  -2.0207e-04
  -1.9158e-04
  -1.8152e-04
  -1.7185e-04
  -1.6257e-04
  -1.5364e-04
  -1.4506e-04
  -1.3681e-04
  -1.2888e-04
  -1.2123e-04
  -1.1387e-04
  -1.0678e-04
  -9.9931e-05
  -9.3323e-05
  -8.6937e-05
  -8.0760e-05
  -7.4779e-05
  -6.8980e-05
  -6.3350e-05
  -5.7878e-05
  -5.2549e-05
  -4.7353e-05
  -4.2276e-05
  -3.7307e-05
  -3.2434e-05
  -2.7644e-05
  -2.2926e-05
  -1.8268e-05
  -1.3659e-05
  -9.0856e-06
  -4.5367e-06
   2.3477e-03
   4.7060e-03
   7.0720e-03
   9.4429e-03
   1.1816e-02
   1.4188e-02
   1.6557e-02
   1.8919e-02
   2.1271e-02
   2.3612e-02
   2.5937e-02
   2.8245e-02
   3.0532e-02
   3.2796e-02
   3.5033e-02
   3.7242e-02
   3.9419e-02
   4.1562e-02
   4.3668e-02
   4.5735e-02
   4.7760e-02
   4.9741e-02
   5.1675e-02
   5.3560e-02
   5.5394e-02
   5.7174e-02
   5.8899e-02
   6.0566e-02
   6.2174e-02
   6.3719e-02
   6.5202e-02
   6.6619e-02
   6.7969e-02
   6.9251e-02
   7.0462e-02
   7.1603e-02
   7.2670e-02
   7.3663e-02
   7.4581e-02
   7.5423e-02
   7.6187e-02
   7.6873e-02
   7.7480e-02
   7.8007e-02
   7.8455e-02
   7.8821e-02
   7.9106e-02
   7.9310e-02
   7.9432e-02
   7.9472e-02
   7.9431e-02
   7.9307e-02
   7.9103e-02
   7.8816e-02
   7.8449e-02
   7.8002e-02
   7.7474e-02
   7.6867e-02
   7.6182e-02
   7.5418e-02
   7.4578e-02
   7.3662e-02
   7.2672e-02
   7.1607e-02
   7.0470e-02
   6.9262e-02
   6.7984e-02
   6.6638e-02
   6.5224e-02
   6.3746e-02
   6.2204e-02
   6.0600e-02
   5.8936e-02
   5.7213e-02
   5.5434e-02
   5.3601e-02
   5.1714e-02
   4.9778e-02
   4.7792e-02
   4.5761e-02
   4.3684e-02
   4.1566e-02
   3.9408e-02
   3.7212e-02
   3.4981e-02
   3.2716e-02
   3.0420e-02
   2.8096e-02
   2.5745e-02
   2.3370e-02
   2.0973e-02
   1.8557e-02
   1.6124e-02
   1.3676e-02
   1.1216e-02
   8.7450e-03
   6.2663e-03
   3.7821e-03
   1.2944e-03
  -1.1944e-03
  -3.6821e-03
  -6.1667e-03
  -8.6457e-03
  -1.1117e-02
  -1.3579e-02
  -1.6029e-02
  -1.8466e-02
  -2.0887e-02
  -2.3290e-02
  -2.5673e-02
  -2.8035e-02
  -3.0374e-02
  -3.2687e-02
  -3.4974e-02
  -3.7233e-02
  -3.9461e-02
  -4.1658e-02
  -4.3821e-02
  -4.5950e-02
  -4.8043e-02
  -5.0098e-02
  -5.2114e-02
  -5.4091e-02
  -5.6026e-02
  -5.7920e-02
  -5.9769e-02
  -6.1575e-02
  -6.3335e-02
  -6.5049e-02
  -6.6716e-02
  -6.8335e-02
  -6.9906e-02
  -7.1428e-02
  -7.2899e-02
  -7.4321e-02
  -7.5692e-02
  -7.7012e-02
  -7.8280e-02
  -7.9497e-02
  -8.0661e-02
  -8.1774e-02
  -8.2833e-02
  -8.3841e-02
  -8.4796e-02
  -8.5699e-02
  -8.6549e-02
  -8.7347e-02
  -8.8094e-02
  -8.8788e-02
  -8.9431e-02
  -9.0022e-02
  -9.0563e-02
  -9.1053e-02
  -9.1494e-02
  -9.1885e-02
  -9.2226e-02
  -9.2520e-02
  -9.2765e-02
  -9.2963e-02
  -9.3115e-02
  -9.3221e-02
  -9.3282e-02
  -9.3298e-02
  -9.3271e-02
  -9.3201e-02
  -9.3089e-02
  -9.2936e-02
  -9.2743e-02
  -9.2510e-02
  -9.2239e-02
  -9.1931e-02
  -9.1586e-02
  -9.1205e-02
  -9.0790e-02
  -9.0341e-02
  -8.9859e-02
  -8.9346e-02
  -8.8802e-02
  -8.8228e-02
  -8.7626e-02
  -8.6996e-02
  -8.6340e-02
  -8.5658e-02
  -8.4951e-02
  -8.4221e-02
  -8.3469e-02
  -8.2695e-02
  -8.1900e-02
  -8.1086e-02
  -8.0254e-02
  -7.9403e-02
  -7.8537e-02
  -7.7655e-02
  -7.6758e-02
  -7.5848e-02
  -7.4924e-02
  -7.3990e-02
  -7.3044e-02
  -7.2088e-02
  -7.1123e-02
  -7.0150e-02
  -6.9170e-02
  -6.8182e-02
  -6.7190e-02
  -6.6192e-02
  -6.5190e-02
  -6.4185e-02
  -6.3177e-02
  -6.2168e-02
  -6.1157e-02
  -6.0146e-02
  -5.9135e-02
  -5.8124e-02
  -5.7116e-02
  -5.6109e-02
  -5.5105e-02
  -5.4104e-02
  -5.3108e-02
  -5.2115e-02
  -5.1128e-02
  -5.0146e-02
  -4.9169e-02
  -4.8199e-02
  -4.7236e-02
  -4.6280e-02
  -4.5332e-02
  -4.4392e-02
  -4.3460e-02
  -4.2536e-02
  -4.1622e-02
  -4.0717e-02
  -3.9822e-02
  -3.8937e-02
  -3.8062e-02
  -3.7197e-02
  -3.6343e-02
  -3.5499e-02
  -3.4667e-02
  -3.3846e-02
  -3.3036e-02
  -3.2238e-02
  -3.1452e-02
  -3.0677e-02
  -2.9914e-02
  -2.9163e-02
  -2.8424e-02
  -2.7697e-02
  -2.6983e-02
  -2.6280e-02
  -2.5590e-02
  -2.4912e-02
  -2.4247e-02
  -2.3593e-02
  -2.2952e-02
  -2.2323e-02
  -2.1706e-02
  -2.1101e-02
  -2.0509e-02
  -1.9928e-02
  -1.9359e-02
  -1.8802e-02
  -1.8257e-02
  -1.7724e-02
  -1.7202e-02
  -1.6692e-02
  -1.6193e-02
  -1.5706e-02
  -1.5229e-02
  -1.4764e-02
  -1.4310e-02
  -1.3866e-02
  -1.3433e-02
  -1.3011e-02
  -1.2599e-02
  -1.2197e-02
  -1.1805e-02
  -1.1423e-02
  -1.1051e-02
  -1.0689e-02
  -1.0336e-02
  -9.9921e-03
  -9.6575e-03
  -9.3319e-03
  -9.0152e-03
  -8.7070e-03
  -8.4074e-03
  -8.1161e-03
  -7.8330e-03
  -7.5578e-03
  -7.2905e-03
  -7.0308e-03
  -6.7786e-03
  -6.5338e-03
  -6.2961e-03
  -6.0655e-03
  -5.8416e-03
  -5.6245e-03
  -5.4139e-03
  -5.2097e-03
  -5.0116e-03
  -4.8197e-03
  -4.6336e-03
  -4.4532e-03
  -4.2785e-03
  -4.1092e-03
  -3.9452e-03
  -3.7863e-03
  -3.6324e-03
  -3.4834e-03
  -3.3391e-03
  -3.1994e-03
  -3.0641e-03
  -2.9331e-03
  -2.8062e-03
  -2.6834e-03
  -2.5645e-03
  -2.4494e-03
  -2.3379e-03
  -2.2299e-03
  -2.1253e-03
  -2.0240e-03
  -1.9258e-03
  -1.8306e-03
  -1.7384e-03
  -1.6489e-03
  -1.5621e-03
  -1.4779e-03
  -1.3961e-03
  -1.3167e-03
  -1.2394e-03
  -1.1644e-03
  -1.0913e-03
  -1.0201e-03
  -9.5072e-04
  -8.8303e-04
  -8.1693e-04
  -7.5232e-04
  -6.8908e-04
  -6.2712e-04
  -5.6633e-04
  -5.0662e-04
  -4.4786e-04
  -3.8997e-04
  -3.3284e-04
  -2.7636e-04
  -2.2042e-04
  -1.6493e-04
  -1.0977e-04
  -5.4826e-05
   0.0027
   0.0054
   0.0081
   0.0108
   0.0135
   0.0162
   0.0189
   0.0216
   0.0242
   0.0268
   0.0294
   0.0319
   0.0344
   0.0369
   0.0392
   0.0416
   0.0438
   0.0460
   0.0482
   0.0502
   0.0522
   0.0541
   0.0559
   0.0576
   0.0593
   0.0608
   0.0622
   0.0636
   0.0648
   0.0659
   0.0669
   0.0678
   0.0686
   0.0693
   0.0699
   0.0703
   0.0707
   0.0709
   0.0710
   0.0709
   0.0708
   0.0705
   0.0702
   0.0697
   0.0691
   0.0683
   0.0675
   0.0665
   0.0655
   0.0643
   0.0630
   0.0616
   0.0601
   0.0585
   0.0568
   0.0550
   0.0532
   0.0512
   0.0491
   0.0470
   0.0448
   0.0425
   0.0401
   0.0377
   0.0352
   0.0327
   0.0301
   0.0274
   0.0247
   0.0220
   0.0192
   0.0164
   0.0136
   0.0107
   0.0078
   0.0050
   0.0021
  -0.0008
  -0.0037
  -0.0066
  -0.0095
  -0.0123
  -0.0152
  -0.0180
  -0.0208
  -0.0236
  -0.0263
  -0.0290
  -0.0316
  -0.0342
  -0.0367
  -0.0392
  -0.0416
  -0.0439
  -0.0462
  -0.0484
  -0.0505
  -0.0526
  -0.0545
  -0.0564
  -0.0582
  -0.0599
  -0.0615
  -0.0631
  -0.0645
  -0.0658
  -0.0671
  -0.0682
  -0.0692
  -0.0701
  -0.0710
  -0.0717
  -0.0723
  -0.0728
  -0.0732
  -0.0735
  -0.0737
  -0.0738
  -0.0737
  -0.0736
  -0.0734
  -0.0730
  -0.0726
  -0.0720
  -0.0714
  -0.0706
  -0.0698
  -0.0688
  -0.0678
  -0.0667
  -0.0655
  -0.0642
  -0.0628
  -0.0613
  -0.0597
  -0.0581
  -0.0564
  -0.0546
  -0.0527
  -0.0508
  -0.0488
  -0.0467
  -0.0446
  -0.0424
  -0.0402
  -0.0379
  -0.0356
  -0.0332
  -0.0308
  -0.0283
  -0.0259
  -0.0233
  -0.0208
  -0.0182
  -0.0156
  -0.0130
  -0.0104
  -0.0078
  -0.0051
  -0.0025
   0.0002
   0.0029
   0.0055
   0.0082
   0.0108
   0.0134
   0.0160
   0.0186
   0.0212
   0.0237
   0.0263
   0.0288
   0.0312
   0.0337
   0.0361
   0.0384
   0.0408
   0.0431
   0.0453
   0.0475
   0.0497
   0.0518
   0.0538
   0.0558
   0.0578
   0.0597
   0.0615
   0.0633
   0.0651
   0.0668
   0.0684
   0.0700
   0.0715
   0.0729
   0.0743
   0.0756
   0.0769
   0.0781
   0.0792
   0.0803
   0.0813
   0.0823
   0.0832
   0.0840
   0.0848
   0.0855
   0.0862
   0.0868
   0.0873
   0.0878
   0.0882
   0.0886
   0.0889
   0.0892
   0.0894
   0.0895
   0.0896
   0.0896
   0.0896
   0.0896
   0.0895
   0.0893
   0.0891
   0.0889
   0.0886
   0.0883
   0.0879
   0.0875
   0.0870
   0.0865
   0.0860
   0.0854
   0.0848
   0.0842
   0.0835
   0.0829
   0.0821
   0.0814
   0.0806
   0.0798
   0.0790
   0.0782
   0.0773
   0.0764
   0.0755
   0.0746
   0.0736
   0.0727
   0.0717
   0.0707
   0.0697
   0.0687
   0.0677
   0.0667
   0.0657
   0.0646
   0.0636
   0.0625
   0.0615
   0.0604
   0.0594
   0.0583
   0.0573
   0.0562
   0.0551
   0.0541
   0.0530
   0.0520
   0.0509
   0.0499
   0.0489
   0.0478
   0.0468
   0.0458
   0.0448
   0.0438
   0.0428
   0.0418
   0.0408
   0.0399
   0.0389
   0.0380
   0.0371
   0.0361
   0.0352
   0.0343
   0.0334
   0.0326
   0.0317
   0.0309
   0.0300
   0.0292
   0.0284
   0.0276
   0.0268
   0.0260
   0.0253
   0.0245
   0.0238
   0.0230
   0.0223
   0.0216
   0.0210
   0.0203
   0.0196
   0.0190
   0.0184
   0.0177
   0.0171
   0.0165
   0.0159
   0.0154
   0.0148
   0.0143
   0.0137
   0.0132
   0.0127
   0.0122
   0.0117
   0.0112
   0.0107
   0.0103
   0.0098
   0.0094
   0.0089
   0.0085
   0.0081
   0.0077
   0.0072
   0.0068
   0.0065
   0.0061
   0.0057
   0.0053
   0.0050
   0.0046
   0.0043
   0.0039
   0.0036
   0.0032
   0.0029
   0.0026
   0.0022
   0.0019
   0.0016
   0.0013
   0.0009
   0.0006
   0.0003
