-0.97933	-0.19876
-0.979323	-0.198784
-0.979296	-0.198804
-0.97925	-0.19882
-0.979185	-0.198832
-0.979101	-0.19884
-0.978997	-0.198844
-0.978873	-0.198845
-0.97873	-0.198841
-0.978568	-0.198834
-0.978387	-0.198822
-0.978186	-0.198807
-0.977966	-0.198787
-0.977726	-0.198764
-0.977467	-0.198737
-0.977188	-0.198705
-0.97689	-0.19867
-0.976573	-0.198631
-0.976236	-0.198588
-0.97588	-0.198541
-0.975504	-0.19849
-0.975108	-0.198435
-0.974694	-0.198376
-0.974259	-0.198313
-0.973805	-0.198246
-0.973332	-0.198175
-0.972839	-0.198101
-0.972327	-0.198022
-0.971794	-0.197939
-0.971243	-0.197852
-0.970671	-0.197761
-0.97008	-0.197666
-0.969469	-0.197568
-0.968839	-0.197465
-0.968189	-0.197358
-0.967519	-0.197247
-0.966829	-0.197132
-0.966119	-0.197013
-0.96539	-0.19689
-0.964641	-0.196763
-0.963871	-0.196632
-0.963082	-0.196497
-0.962273	-0.196358
-0.961444	-0.196214
-0.960595	-0.196067
-0.959726	-0.195915
-0.958837	-0.19576
-0.957928	-0.1956
-0.956998	-0.195436
-0.956049	-0.195268
-0.955079	-0.195096
-0.954089	-0.19492
-0.953078	-0.19474
-0.952047	-0.194555
-0.950996	-0.194366
-0.949924	-0.194173
-0.948832	-0.193976
-0.94772	-0.193775
-0.946586	-0.19357
-0.945433	-0.19336
-0.944258	-0.193146
-0.943063	-0.192928
-0.941847	-0.192706
-0.94061	-0.192479
-0.939352	-0.192248
-0.938074	-0.192013
-0.936774	-0.191774
-0.935454	-0.19153
-0.934112	-0.191282
-0.932749	-0.191029
-0.931365	-0.190772
-0.92996	-0.190511
-0.928533	-0.190246
-0.927085	-0.189976
-0.925615	-0.189702
-0.924124	-0.189423
-0.922612	-0.18914
-0.921078	-0.188852
-0.919522	-0.18856
-0.917944	-0.188264
-0.916344	-0.187963
-0.914722	-0.187657
-0.913079	-0.187348
-0.911413	-0.187033
-0.909725	-0.186714
-0.908015	-0.18639
-0.906282	-0.186062
-0.904527	-0.185729
-0.90275	-0.185392
-0.90095	-0.18505
-0.899127	-0.184703
-0.897282	-0.184352
-0.895414	-0.183996
-0.893522	-0.183635
-0.891608	-0.183269
-0.889671	-0.182899
-0.88771	-0.182524
-0.885726	-0.182144
-0.883718	-0.18176
-0.881687	-0.18137
-0.879633	-0.180976
-0.877554	-0.180576
-0.875452	-0.180172
-0.873326	-0.179763
-0.871176	-0.179349
-0.869001	-0.17893
-0.866802	-0.178506
-0.864579	-0.178077
-0.862331	-0.177643
-0.860059	-0.177204
-0.857762	-0.176759
-0.855439	-0.17631
-0.853092	-0.175855
-0.85072	-0.175395
-0.848322	-0.17493
-0.845898	-0.17446
-0.84345	-0.173984
-0.840975	-0.173504
-0.838474	-0.173017
-0.835948	-0.172526
-0.833395	-0.172029
-0.830815	-0.171526
-0.82821	-0.171018
-0.825577	-0.170505
-0.822918	-0.169986
-0.820231	-0.169461
-0.817518	-0.168931
-0.814777	-0.168395
-0.812008	-0.167854
-0.809212	-0.167307
-0.806388	-0.166754
-0.803536	-0.166195
-0.800655	-0.16563
-0.797746	-0.165059
-0.794808	-0.164483
-0.791842	-0.1639
-0.788846	-0.163312
-0.785821	-0.162717
-0.782766	-0.162116
-0.779681	-0.16151
-0.776567	-0.160896
-0.773422	-0.160277
-0.770247	-0.159651
-0.767041	-0.159019
-0.763804	-0.158381
-0.760536	-0.157736
-0.757236	-0.157085
-0.753905	-0.156426
-0.750541	-0.155762
-0.747146	-0.15509
-0.743717	-0.154412
-0.740256	-0.153727
-0.736762	-0.153035
-0.733234	-0.152337
-0.729672	-0.151631
-0.726076	-0.150918
-0.722446	-0.150198
-0.718781	-0.14947
-0.715081	-0.148736
-0.711345	-0.147994
-0.707573	-0.147244
-0.703766	-0.146487
-0.699921	-0.145723
-0.69604	-0.14495
-0.692121	-0.14417
-0.688165	-0.143382
-0.68417	-0.142586
-0.680137	-0.141782
-0.676064	-0.14097
-0.671952	-0.14015
-0.6678	-0.139321
-0.663608	-0.138484
-0.659374	-0.137638
-0.655099	-0.136784
-0.650782	-0.135921
-0.646422	-0.135049
-0.642019	-0.134168
-0.637573	-0.133278
-0.633082	-0.132378
-0.628546	-0.13147
-0.623965	-0.130551
-0.619338	-0.129623
-0.614664	-0.128686
-0.609942	-0.127738
-0.605172	-0.12678
-0.600353	-0.125812
-0.595485	-0.124834
-0.590565	-0.123845
-0.585595	-0.122845
-0.580572	-0.121834
-0.575497	-0.120813
-0.570367	-0.119779
-0.565183	-0.118735
-0.559943	-0.117678
-0.554645	-0.11661
-0.54929	-0.11553
-0.543877	-0.114437
-0.538403	-0.113331
-0.532867	-0.112213
-0.52727	-0.111081
-0.521608	-0.109936
-0.515882	-0.108778
-0.510089	-0.107605
-0.504228	-0.106418
-0.498297	-0.105217
-0.492296	-0.104
-0.486222	-0.102768
-0.480074	-0.101521
-0.473849	-0.100257
-0.467547	-0.0989768
-0.461164	-0.0976797
-0.454699	-0.0963651
-0.44815	-0.0950328
-0.441514	-0.093682
-0.434788	-0.0923123
-0.427971	-0.0909232
-0.421059	-0.089514
-0.41405	-0.088084
-0.40694	-0.0866327
-0.399726	-0.0851593
-0.392405	-0.0836631
-0.384972	-0.0821431
-0.377424	-0.0805986
-0.369757	-0.0790286
-0.361965	-0.0774321
-0.354045	-0.0758081
-0.345989	-0.0741553
-0.337794	-0.0724724
-0.329451	-0.0707582
-0.320956	-0.0690111
-0.312299	-0.0672295
-0.303474	-0.0654116
-0.29447	-0.0635555
-0.285279	-0.0616589
-0.275889	-0.0597195
-0.266288	-0.0577346
-0.256462	-0.0557013
-0.246397	-0.053616
-0.236076	-0.0514752
-0.225478	-0.0492743
-0.214581	-0.0470085
-0.20336	-0.044672
-0.191784	-0.0422582
-0.179819	-0.039759
-0.167422	-0.0371653
-0.154544	-0.0344657
-0.141124	-0.0316466
-0.127088	-0.0286912
-0.112345	-0.025579
-0.0967827	-0.0222847
-0.0802712	-0.0187792
-0.0626875	-0.0150373
-0.0440662	-0.01108
-0.0254797	-0.00723834
-0.0154123	-0.0064221
-0.0165767	-0.0174636
0.0895359	0.00126925
0.244989	0.0694246
0.395813	0.137593
0.546157	0.205633
0.696342	0.273619
0.846452	0.341577
0.996519	0.409518
1.14656	0.477448
1.29658	0.54537
1.44658	0.613286
1.59657	0.681197
1.74656	0.749105
1.89653	0.817009
2.04651	0.884912
2.19647	0.952812
2.34643	1.02071
2.49639	1.08861
2.64635	1.1565
2.7963	1.2244
2.94625	1.29229
3.0962	1.36018
3.24615	1.42807
3.39609	1.49596
3.54604	1.56385
3.69598	1.63174
3.84592	1.69963
3.99586	1.76752
4.1458	1.83541
4.29574	1.9033
4.44567	1.97118
4.59561	2.03907
4.74554	2.10696
4.89548	2.17484
5.04541	2.24273
5.19534	2.31061
5.34527	2.3785
5.49521	2.44638
5.64514	2.51427
5.79507	2.58215
5.945	2.65003
6.09493	2.71792
6.24485	2.7858
6.39478	2.85369
6.54471	2.92157
6.69464	2.98945
6.84457	3.05733
6.99449	3.12522
7.14442	3.1931
7.29435	3.26098
7.44427	3.32886
7.5942	3.39675
7.74412	3.46463
7.89405	3.53251
8.04397	3.60039
8.1939	3.66827
8.34382	3.73616
8.49375	3.80404
8.64367	3.87192
8.7936	3.9398
8.94352	4.00768
9.09344	4.07556
9.24337	4.14344
9.39329	4.21132
9.54321	4.2792
9.69313	4.34709
9.84306	4.41497
9.99298	4.48285
10.1429	4.55073
10.2928	4.61861
10.4427	4.68649
10.5927	4.75437
10.7426	4.82225
10.8925	4.89013
11.0424	4.95801
11.1924	5.02589
11.3423	5.09377
11.4922	5.16165
11.6421	5.22953
11.792	5.29741
11.942	5.36529
12.0919	5.43317
12.2418	5.50105
12.3917	5.56893
12.5416	5.63681
12.6916	5.70469
12.8415	5.77257
12.9914	5.84045
13.1413	5.90833
13.2912	5.97621
13.4412	6.04409
13.5911	6.11196
13.741	6.17984
13.8909	6.24772
14.0408	6.3156
14.1908	6.38348
14.3407	6.45136
14.4906	6.51924
14.6405	6.58712
14.7904	6.655
14.9403	6.72288
15.0903	6.79076
15.2402	6.85863
15.3901	6.92651
15.54	6.99439
15.6899	7.06227
15.8399	7.13015
15.9898	7.19803
16.1397	7.26591
16.2896	7.33379
16.4395	7.40167
16.5894	7.46954
16.7394	7.53742
16.8893	7.6053
17.0392	7.67318
17.1891	7.74106
17.339	7.80894
17.489	7.87682
17.6389	7.94469
17.7888	8.01257
17.9387	8.08045
18.0886	8.14833
18.2385	8.21621
18.3885	8.28409
18.5384	8.35197
18.6883	8.41984
18.8382	8.48772
18.9881	8.5556
19.138	8.62348
19.288	8.69136
19.4379	8.75924
19.5878	8.82711
19.7377	8.89499
19.8876	8.96287
20.0376	9.03075
20.1875	9.09863
20.3374	9.16651
20.4873	9.23438
20.6372	9.30226
20.7871	9.37014
20.9371	9.43802
21.087	9.5059
21.2369	9.57377
21.3868	9.64165
21.5367	9.70953
21.6866	9.77741
21.8366	9.84529
21.9865	9.91316
22.1364	9.98104
22.2863	10.0489
22.4362	10.1168
22.5861	10.1847
22.7361	10.2526
22.886	10.3204
23.0359	10.3883
23.1858	10.4562
23.3357	10.5241
23.4856	10.5919
23.6355	10.6598
23.7855	10.7277
23.9354	10.7956
24.0853	10.8635
24.2352	10.9313
24.3851	10.9992
24.535	11.0671
24.685	11.135
24.8349	11.2028
24.9848	11.2707
25.1347	11.3386
25.2846	11.4065
25.4345	11.4744
25.5845	11.5422
25.7344	11.6101
25.8843	11.678
26.0342	11.7459
26.1841	11.8137
26.334	11.8816
26.484	11.9495
26.6339	12.0174
26.7838	12.0853
26.9337	12.1531
27.0836	12.221
27.2335	12.2889
27.3834	12.3568
27.5334	12.4246
27.6833	12.4925
27.8332	12.5604
27.9831	12.6283
28.133	12.6962
28.2829	12.764
28.4329	12.8319
28.5828	12.8998
28.7327	12.9677
28.8826	13.0355
29.0325	13.1034
29.1824	13.1713
29.3323	13.2392
29.4823	13.3071
29.6322	13.3749
29.7821	13.4428
29.932	13.5107
30.0819	13.5786
30.2318	13.6464
30.3818	13.7143
30.5317	13.7822
30.6816	13.8501
30.8315	13.9179
30.9814	13.9858
31.1313	14.0537
31.2812	14.1216
31.4312	14.1895
31.5811	14.2573
31.731	14.3252
31.8809	14.3931
32.0308	14.461
32.1807	14.5288
32.3307	14.5967
32.4806	14.6646
32.6305	14.7325
32.7804	14.8004
32.9303	14.8682
33.0802	14.9361
33.2301	15.004
33.3801	15.0719
33.53	15.1397
33.6799	15.2076
33.8298	15.2755
33.9797	15.3434
34.1296	15.4113
34.2795	15.4791
34.4295	15.547
34.5794	15.6149
34.7293	15.6828
34.8792	15.7506
35.0291	15.8185
35.179	15.8864
35.329	15.9543
35.4789	16.0221
35.6288	16.09
35.7787	16.1579
35.9286	16.2258
36.0785	16.2937
36.2284	16.3615
36.3784	16.4294
36.5283	16.4973
36.6782	16.5652
36.8281	16.633
36.978	16.7009
37.1279	16.7688
37.2778	16.8367
37.4278	16.9045
37.5777	16.9724
37.7276	17.0403
37.8775	17.1082
38.0274	17.1761
38.1773	17.2439
38.3272	17.3118
38.4772	17.3797
38.6271	17.4476
38.777	17.5154
38.9269	17.5833
39.0768	17.6512
39.2267	17.7191
39.3766	17.787
39.5266	17.8548
39.6765	17.9227
39.8264	17.9906
39.9763	18.0585
40.1262	18.1263
40.2761	18.1942
40.426	18.2621
40.576	18.33
40.7259	18.3978
40.8758	18.4657
41.0257	18.5336
41.1756	18.6015
41.3255	18.6694
41.4754	18.7372
41.6254	18.8051
41.7753	18.873
41.9252	18.9409
42.0751	19.0087
42.225	19.0766
42.3749	19.1445
42.5248	19.2124
42.6748	19.2802
42.8247	19.3481
42.9746	19.416
43.1245	19.4839
43.2744	19.5518
43.4243	19.6196
43.5742	19.6875
43.7242	19.7554
43.8741	19.8233
44.024	19.8911
44.1739	19.959
44.3238	20.0269
44.4737	20.0948
44.6236	20.1626
44.7736	20.2305
44.9235	20.2984
45.0734	20.3663
45.2233	20.4342
45.3732	20.502
45.5231	20.5699
45.673	20.6378
45.823	20.7057
45.9729	20.7735
46.1228	20.8414
46.2727	20.9093
46.4226	20.9772
46.5725	21.045
46.7224	21.1129
46.8724	21.1808
47.0223	21.2487
47.1722	21.3166
47.3221	21.3844
47.472	21.4523
47.6219	21.5202
47.7718	21.5881
47.9218	21.6559
48.0717	21.7238
48.2216	21.7917
48.3715	21.8596
48.5214	21.9274
48.6713	21.9953
48.8212	22.0632
48.9712	22.1311
49.1211	22.199
49.271	22.2668
49.4209	22.3347
49.5708	22.4026
49.7207	22.4705
49.8706	22.5383
50.0206	22.6062
50.1705	22.6741
50.3204	22.742
50.4703	22.8098
50.6202	22.8777
50.7701	22.9456
50.92	23.0135
51.07	23.0814
51.2199	23.1492
51.3698	23.2171
51.5197	23.285
51.6696	23.3529
51.8195	23.4207
51.9694	23.4886
52.1193	23.5565
52.2693	23.6244
52.4192	23.6922
52.5691	23.7601
52.719	23.828
52.8689	23.8959
53.0188	23.9638
53.1687	24.0316
53.3187	24.0995
53.4686	24.1674
53.6185	24.2353
53.7684	24.3031
53.9183	24.371
54.0682	24.4389
54.2181	24.5068
54.3681	24.5746
54.518	24.6425
54.6679	24.7104
54.8178	24.7783
54.9677	24.8462
55.1176	24.914
55.2675	24.9819
55.4175	25.0498
55.5674	25.1177
55.7173	25.1855
55.8672	25.2534
56.0171	25.3213
56.167	25.3892
56.3169	25.457
56.4668	25.5249
56.6168	25.5928
56.7667	25.6607
56.9166	25.7285
57.0665	25.7964
57.2164	25.8643
57.3663	25.9322
57.5162	26.0001
57.6662	26.0679
57.8161	26.1358
57.966	26.2037
58.1159	26.2716
58.2658	26.3394
58.4157	26.4073
58.5656	26.4752
58.7156	26.5431
58.8655	26.6109
59.0154	26.6788
59.1653	26.7467
59.3152	26.8146
59.4651	26.8825
59.615	26.9503
59.7649	27.0182
59.9149	27.0861
60.0648	27.154
60.2147	27.2218
60.3646	27.2897
60.5145	27.3576
60.6644	27.4255
60.8143	27.4933
60.9643	27.5612
61.1142	27.6291
61.2641	27.697
61.414	27.7649
61.5639	27.8327
61.7138	27.9006
61.8637	27.9685
62.0137	28.0364
62.1636	28.1042
62.3135	28.1721
62.4634	28.24
62.6133	28.3079
62.7632	28.3757
62.9131	28.4436
63.063	28.5115
63.213	28.5794
63.3629	28.6472
63.5128	28.7151
63.6627	28.783
63.8126	28.8509
63.9625	28.9188
64.1124	28.9866
64.2624	29.0545
64.4123	29.1224
64.5622	29.1903
64.7121	29.2581
64.862	29.326
65.0119	29.3939
65.1618	29.4618
65.3117	29.5296
65.4617	29.5975
65.6116	29.6654
65.7615	29.7333
65.9114	29.8012
66.0613	29.869
66.2112	29.9369
66.3611	30.0048
66.5111	30.0727
66.661	30.1405
66.8109	30.2084
66.9608	30.2763
67.1107	30.3442
67.2606	30.412
67.4105	30.4799
67.5605	30.5478
67.7104	30.6157
67.8603	30.6835
68.0102	30.7514
68.1601	30.8193
68.31	30.8872
68.4599	30.9551
68.6098	31.0229
68.7598	31.0908
68.9097	31.1587
69.0596	31.2266
69.2095	31.2944
69.3594	31.3623
69.5093	31.4302
69.6592	31.4981
69.8092	31.5659
69.9591	31.6338
70.109	31.7017
70.2589	31.7696
70.4088	31.8374
70.5587	31.9053
70.7086	31.9732
70.8585	32.0411
71.0085	32.109
71.1584	32.1768
71.3083	32.2447
71.4582	32.3126
71.6081	32.3805
71.758	32.4483
71.9079	32.5162
72.0579	32.5841
72.2078	32.652
72.3577	32.7198
72.5076	32.7877
72.6575	32.8556
72.8074	32.9235
72.9573	32.9914
73.1072	33.0592
73.2572	33.1271
73.4071	33.195
73.557	33.2629
73.7069	33.3307
73.8568	33.3986
74.0067	33.4665
74.1566	33.5344
74.3066	33.6022
74.4565	33.6701
74.6064	33.738
74.7563	33.8059
74.9062	33.8737
75.0561	33.9416
75.206	34.0095
75.3559	34.0774
75.5059	34.1453
75.6558	34.2131
75.8057	34.281
75.9556	34.3489
76.1055	34.4168
76.2554	34.4846
76.4053	34.5525
76.5553	34.6204
76.7052	34.6883
76.8551	34.7561
77.005	34.824
77.1549	34.8919
77.3048	34.9598
77.4547	35.0276
77.6046	35.0955
77.7546	35.1634
77.9045	35.2313
78.0544	35.2992
78.2043	35.367
78.3542	35.4349
78.5041	35.5028
78.654	35.5707
78.8039	35.6385
78.9539	35.7064
79.1038	35.7743
79.2537	35.8422
79.4036	35.91
79.5535	35.9779
79.7034	36.0458
79.8533	36.1137
80.0033	36.1815
80.1532	36.2494
80.3031	36.3173
80.453	36.3852
80.6029	36.4531
80.7528	36.5209
80.9027	36.5888
81.0526	36.6567
81.2026	36.7246
81.3525	36.7924
81.5024	36.8603
81.6523	36.9282
81.8022	36.9961
81.9521	37.0639
82.102	37.1318
82.252	37.1997
82.4019	37.2676
82.5518	37.3354
82.7017	37.4033
82.8516	37.4712
83.0015	37.5391
83.1514	37.607
83.3013	37.6748
83.4513	37.7427
83.6012	37.8106
83.7511	37.8785
83.901	37.9463
84.0509	38.0142
84.2008	38.0821
84.3507	38.15
84.5006	38.2178
84.6506	38.2857
84.8005	38.3536
84.9504	38.4215
85.1003	38.4893
85.2502	38.5572
85.4001	38.6251
85.55	38.693
85.7	38.7609
85.8499	38.8287
85.9998	38.8966
86.1497	38.9645
86.2996	39.0324
86.4495	39.1002
86.5994	39.1681
86.7493	39.236
86.8993	39.3039
87.0492	39.3717
87.1991	39.4396
87.349	39.5075
87.4989	39.5754
87.6488	39.6432
87.7987	39.7111
87.9487	39.779
88.0986	39.8469
88.2485	39.9148
88.3984	39.9826
88.5483	40.0505
88.6982	40.1184
88.8481	40.1863
88.998	40.2541
89.148	40.322
89.2979	40.3899
89.4478	40.4578
89.5977	40.5256
89.7476	40.5935
89.8975	40.6614
90.0474	40.7293
90.1973	40.7971
90.3473	40.865
90.4972	40.9329
90.6471	41.0008
90.797	41.0687
90.9469	41.1365
91.0968	41.2044
91.2467	41.2723
91.3967	41.3402
91.5466	41.408
91.6965	41.4759
91.8464	41.5438
91.9963	41.6117
92.1462	41.6795
92.2961	41.7474
92.446	41.8153
92.596	41.8832
92.7459	41.951
92.8958	42.0189
93.0457	42.0868
93.1956	42.1547
93.3455	42.2226
93.4954	42.2904
93.6453	42.3583
93.7953	42.4262
93.9452	42.4941
94.0951	42.5619
94.245	42.6298
94.3949	42.6977
94.5448	42.7656
94.6947	42.8334
94.8447	42.9013
94.9946	42.9692
95.1445	43.0371
95.2944	43.1049
95.4443	43.1728
95.5942	43.2407
95.7441	43.3086
95.894	43.3765
96.044	43.4443
96.1939	43.5122
96.3438	43.5801
96.4937	43.648
96.6436	43.7158
96.7935	43.7837
96.9434	43.8516
97.0933	43.9195
97.2433	43.9873
97.3932	44.0552
97.5431	44.1231
97.693	44.191
97.8429	44.2588
97.9928	44.3267
98.1427	44.3946
98.2926	44.4625
98.4426	44.5304
98.5925	44.5982
98.7424	44.6661
98.8923	44.734
99.0422	44.8019
99.1921	44.8697
99.342	44.9376
99.492	45.0055
99.6419	45.0734
99.7918	45.1412
99.9417	45.2091
100.092	45.277
100.242	45.3449
100.391	45.4127
100.541	45.4806
100.691	45.5485
100.841	45.6164
100.991	45.6843
101.141	45.7521
101.291	45.82
101.441	45.8879
101.591	45.9558
101.741	46.0236
101.891	46.0915
102.04	46.1594
102.19	46.2273
102.34	46.2951
102.49	46.363
102.64	46.4309
102.79	46.4988
102.94	46.5666
103.09	46.6345
103.24	46.7024
103.39	46.7703
103.54	46.8382
103.69	46.906
103.839	46.9739
103.989	47.0418
104.139	47.1097
104.289	47.1775
104.439	47.2454
104.589	47.3133
104.739	47.3812
104.889	47.449
105.039	47.5169
105.189	47.5848
105.339	47.6527
105.488	47.7205
105.638	47.7884
105.788	47.8563
105.938	47.9242
106.088	47.992
106.238	48.0599
106.388	48.1278
106.538	48.1957
106.688	48.2636
106.838	48.3314
106.988	48.3993
107.138	48.4672
107.287	48.5351
107.437	48.6029
107.587	48.6708
107.737	48.7387
107.887	48.8066
108.037	48.8744
108.187	48.9423
108.337	49.0102
108.487	49.0781
108.637	49.1459
108.787	49.2138
108.936	49.2817
109.086	49.3496
109.236	49.4175
109.386	49.4853
109.536	49.5532
109.686	49.6211
109.836	49.689
109.986	49.7568
110.136	49.8247
110.286	49.8926
110.436	49.9605
110.586	50.0283
110.735	50.0962
110.885	50.1641
111.035	50.232
111.185	50.2998
111.335	50.3677
111.485	50.4356
111.635	50.5035
111.785	50.5714
111.935	50.6392
112.085	50.7071
112.235	50.775
112.384	50.8429
112.534	50.9107
112.684	50.9786
112.834	51.0465
112.984	51.1144
113.134	51.1822
113.284	51.2501
113.434	51.318
113.584	51.3859
113.734	51.4537
113.884	51.5216
114.034	51.5895
114.183	51.6574
114.333	51.7252
114.483	51.7931
114.633	51.861
114.783	51.9289
114.933	51.9968
115.083	52.0646
115.233	52.1325
115.383	52.2004
115.533	52.2683
115.683	52.3361
115.832	52.404
115.982	52.4719
116.132	52.5398
116.282	52.6076
116.432	52.6755
116.582	52.7434
116.732	52.8113
116.882	52.8791
117.032	52.947
117.182	53.0149
117.332	53.0828
117.481	53.1507
117.631	53.2185
117.781	53.2864
117.931	53.3543
118.081	53.4222
118.231	53.49
118.381	53.5579
118.531	53.6258
118.681	53.6937
118.831	53.7615
118.981	53.8294
119.131	53.8973
119.28	53.9652
119.43	54.033
119.58	54.1009
119.73	54.1688
119.88	54.2367
120.03	54.3046
120.18	54.3724
120.33	54.4403
120.48	54.5082
120.63	54.5761
120.78	54.6439
120.929	54.7118
121.079	54.7797
121.229	54.8476
121.379	54.9154
121.529	54.9833
121.679	55.0512
121.829	55.1191
121.979	55.1869
122.129	55.2548
122.279	55.3227
122.429	55.3906
122.579	55.4584
122.728	55.5263
122.878	55.5942
123.028	55.6621
123.178	55.73
123.328	55.7978
123.478	55.8657
123.628	55.9336
123.778	56.0015
123.928	56.0693
124.078	56.1372
124.228	56.2051
124.377	56.273
124.527	56.3408
124.677	56.4087
124.827	56.4766
124.977	56.5445
125.127	56.6123
125.277	56.6802
125.427	56.7481
125.577	56.816
125.727	56.8839
125.877	56.9517
126.027	57.0196
126.176	57.0875
126.326	57.1554
126.476	57.2232
126.626	57.2911
126.776	57.359
126.926	57.4269
127.076	57.4947
127.226	57.5626
127.376	57.6305
127.526	57.6984
127.676	57.7662
127.825	57.8341
127.975	57.902
128.125	57.9699
128.275	58.0377
128.425	58.1056
128.575	58.1735
128.725	58.2414
128.875	58.3093
129.025	58.3771
129.175	58.445
129.325	58.5129
129.475	58.5808
129.624	58.6486
129.774	58.7165
129.924	58.7844
130.074	58.8523
130.224	58.9201
130.374	58.988
130.524	59.0559
130.674	59.1238
130.824	59.1916
130.974	59.2595
131.124	59.3274
131.273	59.3953
131.423	59.4631
131.573	59.531
131.723	59.5989
131.873	59.6668
132.023	59.7347
132.173	59.8025
132.323	59.8704
132.473	59.9383
132.623	60.0062
132.773	60.074
132.923	60.1419
133.072	60.2098
133.222	60.2777
133.372	60.3455
133.522	60.4134
133.672	60.4813
133.822	60.5492
133.972	60.617
134.122	60.6849
134.272	60.7528
134.422	60.8207
134.572	60.8886
134.721	60.9564
134.871	61.0243
135.021	61.0922
135.171	61.1601
135.321	61.2279
135.471	61.2958
135.621	61.3637
135.771	61.4316
135.921	61.4994
136.071	61.5673
136.221	61.6352
136.37	61.7031
136.52	61.7709
136.67	61.8388
136.82	61.9067
136.97	61.9746
137.12	62.0424
137.27	62.1103
137.42	62.1782
137.57	62.2461
137.72	62.314
137.87	62.3818
138.02	62.4497
138.169	62.5176
138.319	62.5855
138.469	62.6533
138.619	62.7212
138.769	62.7891
138.919	62.857
139.069	62.9248
139.219	62.9927
139.369	63.0606
139.519	63.1285
139.669	63.1963
139.818	63.2642
139.968	63.3321
140.118	63.4
140.268	63.4679
140.418	63.5357
140.568	63.6036
140.718	63.6715
140.868	63.7394
141.018	63.8072
141.168	63.8751
141.318	63.943
141.468	64.0109
141.617	64.0787
141.767	64.1466
141.917	64.2145
142.067	64.2824
142.217	64.3502
142.367	64.4181
142.517	64.486
142.667	64.5539
142.817	64.6217
142.967	64.6896
143.117	64.7575
143.266	64.8254
143.416	64.8933
143.566	64.9611
143.716	65.029
143.866	65.0969
144.016	65.1648
144.166	65.2326
144.316	65.3005
144.466	65.3684
144.616	65.4363
144.766	65.5041
144.916	65.572
145.065	65.6399
145.215	65.7078
145.365	65.7756
145.515	65.8435
145.665	65.9114
145.815	65.9793
145.965	66.0471
146.115	66.115
146.265	66.1829
146.415	66.2508
146.565	66.3187
146.714	66.3865
146.864	66.4544
147.014	66.5223
147.164	66.5902
147.314	66.658
147.464	66.7259
147.614	66.7938
147.764	66.8617
147.914	66.9295
148.064	66.9974
148.214	67.0653
148.364	67.1332
148.513	67.201
148.663	67.2689
148.813	67.3368
148.963	67.4047
149.113	67.4725
149.263	67.5404
149.413	67.6083
149.563	67.6762
149.713	67.7441
149.863	67.8119
150.013	67.8798
150.162	67.9477
150.312	68.0156
150.462	68.0834
150.612	68.1513
150.762	68.2192
150.912	68.2871
151.062	68.3549
151.212	68.4228
151.362	68.4907
151.512	68.5586
151.662	68.6264
151.812	68.6943
151.961	68.7622
152.111	68.8301
152.261	68.898
152.411	68.9658
152.561	69.0337
152.711	69.1016
152.861	69.1695
153.011	69.2373
153.161	69.3052
153.311	69.3731
153.461	69.441
153.61	69.5088
153.76	69.5767
153.91	69.6446
154.06	69.7125
154.21	69.7803
154.36	69.8482
154.51	69.9161
154.66	69.984
154.81	70.0518
154.96	70.1197
155.11	70.1876
155.259	70.2555
155.409	70.3234
155.559	70.3912
155.709	70.4591
155.859	70.527
156.009	70.5949
156.159	70.6627
156.309	70.7306
156.459	70.7985
156.609	70.8664
156.759	70.9342
156.909	71.0021
157.058	71.07
157.208	71.1379
157.358	71.2057
157.508	71.2736
157.658	71.3415
157.808	71.4094
157.958	71.4772
158.108	71.5451
158.258	71.613
158.408	71.6809
158.558	71.7488
158.707	71.8166
158.857	71.8845
159.007	71.9524
159.157	72.0203
159.307	72.0881
159.457	72.156
159.607	72.2239
159.757	72.2918
159.907	72.3596
160.057	72.4275
160.207	72.4954
160.357	72.5633
160.506	72.6311
160.656	72.699
160.806	72.7669
160.956	72.8348
161.106	72.9026
161.256	72.9705
161.406	73.0384
161.556	73.1063
161.706	73.1742
161.856	73.242
162.006	73.3099
162.155	73.3778
162.305	73.4457
162.455	73.5135
162.605	73.5814
162.755	73.6493
162.905	73.7172
163.055	73.785
163.205	73.8529
163.355	73.9208
163.505	73.9887
163.655	74.0565
163.805	74.1244
163.954	74.1923
164.104	74.2602
164.254	74.3281
164.404	74.3959
164.554	74.4638
164.704	74.5317
164.854	74.5996
165.004	74.6674
165.154	74.7353
165.304	74.8032
165.454	74.8711
165.603	74.9389
165.753	75.0068
165.903	75.0747
166.053	75.1426
166.203	75.2104
166.353	75.2783
166.503	75.3462
166.653	75.4141
166.803	75.4819
166.953	75.5498
167.103	75.6177
167.252	75.6856
167.402	75.7535
167.552	75.8213
167.702	75.8892
167.852	75.9571
168.002	76.025
168.152	76.0928
168.302	76.1607
168.452	76.2286
168.602	76.2965
168.752	76.3643
168.902	76.4322
169.051	76.5001
169.201	76.568
169.351	76.6358
169.501	76.7037
169.651	76.7716
169.801	76.8395
169.951	76.9073
170.101	76.9752
170.251	77.0431
170.401	77.111
170.551	77.1789
170.7	77.2467
170.85	77.3146
171	77.3825
171.15	77.4504
171.3	77.5182
171.45	77.5861
171.6	77.654
171.75	77.7219
171.9	77.7897
172.05	77.8576
172.2	77.9255
172.35	77.9934
172.499	78.0612
172.649	78.1291
172.799	78.197
172.949	78.2649
173.099	78.3327
173.249	78.4006
173.399	78.4685
173.549	78.5364
173.699	78.6043
173.849	78.6721
173.999	78.74
174.148	78.8079
174.298	78.8758
174.448	78.9436
174.598	79.0115
174.748	79.0794
174.898	79.1473
175.048	79.2151
175.198	79.283
175.348	79.3509
175.498	79.4188
175.648	79.4866
175.798	79.5545
175.947	79.6224
176.097	79.6903
176.247	79.7581
176.397	79.826
176.547	79.8939
176.697	79.9618
176.847	80.0297
176.997	80.0975
177.147	80.1654
177.297	80.2333
177.447	80.3012
177.596	80.369
177.746	80.4369
177.896	80.5048
178.046	80.5727
178.196	80.6405
178.346	80.7084
178.496	80.7763
178.646	80.8442
178.796	80.912
178.946	80.9799
179.096	81.0478
179.245	81.1157
179.395	81.1835
179.545	81.2514
179.695	81.3193
179.845	81.3872
179.995	81.4551
180.145	81.5229
180.295	81.5908
180.445	81.6587
180.595	81.7266
180.745	81.7944
180.895	81.8623
181.044	81.9302
181.194	81.9981
181.344	82.0659
181.494	82.1338
181.644	82.2017
181.794	82.2696
181.944	82.3374
182.094	82.4053
182.244	82.4732
182.394	82.5411
182.544	82.6089
182.693	82.6768
182.843	82.7447
182.993	82.8126
183.143	82.8805
183.293	82.9483
183.443	83.0162
183.593	83.0841
183.743	83.152
183.893	83.2198
184.043	83.2877
184.193	83.3556
184.343	83.4235
184.492	83.4913
184.642	83.5592
184.792	83.6271
184.942	83.695
185.092	83.7628
185.242	83.8307
185.392	83.8986
185.542	83.9665
185.692	84.0343
185.842	84.1022
185.992	84.1701
186.141	84.238
186.291	84.3059
186.441	84.3737
186.591	84.4416
186.741	84.5095
186.891	84.5774
187.041	84.6452
187.191	84.7131
187.341	84.781
187.491	84.8489
187.641	84.9167
187.791	84.9846
187.94	85.0525
188.09	85.1204
188.24	85.1882
188.39	85.2561
188.54	85.324
188.69	85.3919
188.84	85.4597
188.99	85.5276
189.14	85.5955
189.29	85.6634
189.44	85.7313
189.589	85.7991
189.739	85.867
189.889	85.9349
190.039	86.0028
190.189	86.0706
190.339	86.1385
190.489	86.2064
190.639	86.2743
190.789	86.3421
190.939	86.41
191.089	86.4779
191.238	86.5458
191.388	86.6136
191.538	86.6815
191.688	86.7494
191.838	86.8173
191.988	86.8851
192.138	86.953
192.288	87.0209
192.438	87.0888
192.588	87.1567
192.738	87.2245
192.888	87.2924
193.037	87.3603
193.187	87.4282
193.337	87.496
193.487	87.5639
193.637	87.6318
193.787	87.6997
193.937	87.7675
194.087	87.8354
194.237	87.9033
194.387	87.9712
194.537	88.039
194.686	88.1069
194.836	88.1748
194.986	88.2427
195.136	88.3105
195.286	88.3784
195.436	88.4463
195.586	88.5142
195.736	88.5821
195.886	88.6499
196.036	88.7178
196.186	88.7857
196.336	88.8536
196.485	88.9214
196.635	88.9893
196.785	89.0572
196.935	89.1251
197.085	89.1929
197.235	89.2608
197.385	89.3287
197.535	89.3966
197.685	89.4644
197.835	89.5323
197.985	89.6002
198.134	89.6681
198.284	89.7359
198.434	89.8038
198.584	89.8717
198.734	89.9396
198.884	90.0075
199.034	90.0753
199.184	90.1432
199.334	90.2111
199.484	90.279
199.634	90.3468
199.784	90.4147
199.933	90.4826
200.083	90.5505
200.233	90.6183
200.383	90.6862
200.533	90.7541
200.683	90.822
200.833	90.8898
200.983	90.9577
201.133	91.0256
201.283	91.0935
201.433	91.1613
201.582	91.2292
201.732	91.2971
201.882	91.365
202.032	91.4329
202.182	91.5007
202.332	91.5686
202.482	91.6365
202.632	91.7044
202.782	91.7722
202.932	91.8401
203.082	91.908
203.231	91.9759
203.381	92.0437
203.531	92.1116
203.681	92.1795
203.831	92.2474
203.981	92.3152
204.131	92.3831
204.281	92.451
204.431	92.5189
204.581	92.5867
204.731	92.6546
204.881	92.7225
205.03	92.7904
205.18	92.8583
205.33	92.9261
205.48	92.994
205.63	93.0619
205.78	93.1298
205.93	93.1976
206.08	93.2655
206.23	93.3334
206.38	93.4013
206.53	93.4691
206.679	93.537
206.829	93.6049
206.979	93.6728
207.129	93.7406
207.279	93.8085
207.429	93.8764
207.579	93.9443
207.729	94.0121
207.879	94.08
208.029	94.1479
208.179	94.2158
208.329	94.2837
208.478	94.3515
208.628	94.4194
208.778	94.4873
208.928	94.5552
209.078	94.623
209.228	94.6909
209.378	94.7588
209.528	94.8267
209.678	94.8945
209.828	94.9624
209.978	95.0303
210.127	95.0982
210.277	95.166
210.427	95.2339
210.577	95.3018
210.727	95.3697
210.877	95.4375
211.027	95.5054
211.177	95.5733
211.327	95.6412
211.477	95.7091
211.627	95.7769
211.776	95.8448
211.926	95.9127
212.076	95.9806
212.226	96.0484
212.376	96.1163
212.526	96.1842
212.676	96.2521
212.826	96.3199
212.976	96.3878
213.126	96.4557
213.276	96.5236
213.426	96.5914
213.575	96.6593
213.725	96.7272
213.875	96.7951
214.025	96.8629
214.175	96.9308
214.325	96.9987
214.475	97.0666
214.625	97.1345
214.775	97.2023
214.925	97.2702
215.075	97.3381
215.224	97.406
215.374	97.4738
215.524	97.5417
215.674	97.6096
215.824	97.6775
215.974	97.7453
216.124	97.8132
216.274	97.8811
216.424	97.949
216.574	98.0168
216.724	98.0847
216.874	98.1526
217.023	98.2205
217.173	98.2883
217.323	98.3562
217.473	98.4241
217.623	98.492
217.773	98.5598
217.923	98.6277
218.073	98.6956
218.223	98.7635
218.373	98.8314
218.523	98.8992
218.672	98.9671
218.822	99.035
218.972	99.1029
219.122	99.1707
219.272	99.2386
219.422	99.3065
219.572	99.3744
219.722	99.4422
219.872	99.5101
220.022	99.578
220.172	99.6459
220.322	99.7137
220.471	99.7816
220.621	99.8495
220.771	99.9174
220.921	99.9852
221.071	100.053
221.221	100.121
221.371	100.189
221.521	100.257
221.671	100.325
221.821	100.393
221.971	100.46
222.12	100.528
222.27	100.596
222.42	100.664
222.57	100.732
222.72	100.8
222.87	100.868
223.02	100.936
223.17	101.003
223.32	101.071
223.47	101.139
223.62	101.207
223.769	101.275
223.919	101.343
224.069	101.411
224.219	101.479
224.369	101.546
224.519	101.614
224.669	101.682
224.819	101.75
224.969	101.818
225.119	101.886
225.269	101.954
225.419	102.022
225.568	102.089
225.718	102.157
225.868	102.225
226.018	102.293
226.168	102.361
226.318	102.429
226.468	102.497
226.618	102.565
226.768	102.632
226.918	102.7
227.068	102.768
227.217	102.836
227.367	102.904
227.517	102.972
227.667	103.04
227.817	103.108
227.967	103.175
228.117	103.243
228.267	103.311
228.417	103.379
228.567	103.447
228.717	103.515
228.867	103.583
229.016	103.651
229.166	103.718
229.316	103.786
229.466	103.854
229.616	103.922
229.766	103.99
229.916	104.058
230.066	104.126
230.216	104.194
230.366	104.261
230.516	104.329
230.665	104.397
230.815	104.465
230.965	104.533
231.115	104.601
231.265	104.669
231.415	104.737
231.565	104.804
231.715	104.872
231.865	104.94
232.015	105.008
232.165	105.076
232.314	105.144
232.464	105.212
232.614	105.28
232.764	105.347
232.914	105.415
233.064	105.483
233.214	105.551
233.364	105.619
233.514	105.687
233.664	105.755
233.814	105.823
233.964	105.89
234.113	105.958
234.263	106.026
234.413	106.094
234.563	106.162
234.713	106.23
234.863	106.298
235.013	106.366
235.163	106.433
235.313	106.501
235.463	106.569
235.613	106.637
235.762	106.705
235.912	106.773
236.062	106.841
236.212	106.909
236.362	106.976
236.512	107.044
236.662	107.112
236.812	107.18
236.962	107.248
237.112	107.316
237.262	107.384
237.412	107.452
237.561	107.52
237.711	107.587
237.861	107.655
238.011	107.723
238.161	107.791
238.311	107.859
238.461	107.927
238.611	107.995
238.761	108.063
238.911	108.13
239.061	108.198
239.21	108.266
239.36	108.334
239.51	108.402
239.66	108.47
239.81	108.538
239.96	108.606
240.11	108.673
240.26	108.741
240.41	108.809
240.56	108.877
240.71	108.945
240.86	109.013
241.009	109.081
241.159	109.149
241.309	109.216
241.459	109.284
241.609	109.352
241.759	109.42
241.909	109.488
242.059	109.556
242.209	109.624
242.359	109.692
242.509	109.759
242.658	109.827
242.808	109.895
242.958	109.963
243.108	110.031
243.258	110.099
243.408	110.167
243.558	110.235
243.708	110.302
243.858	110.37
244.008	110.438
244.158	110.506
244.307	110.574
244.457	110.642
244.607	110.71
244.757	110.778
244.907	110.845
245.057	110.913
245.207	110.981
245.357	111.049
245.507	111.117
245.657	111.185
245.807	111.253
245.957	111.321
246.106	111.388
246.256	111.456
246.406	111.524
246.556	111.592
246.706	111.66
246.856	111.728
247.006	111.796
247.156	111.864
247.306	111.931
247.456	111.999
247.606	112.067
247.755	112.135
247.905	112.203
248.055	112.271
248.205	112.339
248.355	112.407
248.505	112.474
248.655	112.542
248.805	112.61
248.955	112.678
249.105	112.746
249.255	112.814
249.405	112.882
249.554	112.95
249.704	113.017
249.854	113.085
250.004	113.153
250.154	113.221
250.304	113.289
250.454	113.357
250.604	113.425
250.754	113.493
250.904	113.56
251.054	113.628
251.203	113.696
251.353	113.764
251.503	113.832
251.653	113.9
251.803	113.968
251.953	114.036
252.103	114.103
252.253	114.171
252.403	114.239
252.553	114.307
252.703	114.375
252.852	114.443
253.002	114.511
253.152	114.579
253.302	114.646
253.452	114.714
253.602	114.782
253.752	114.85
253.902	114.918
254.052	114.986
254.202	115.054
254.352	115.122
254.502	115.19
254.651	115.257
254.801	115.325
254.951	115.393
255.101	115.461
255.251	115.529
255.401	115.597
255.551	115.665
255.701	115.733
255.851	115.8
256.001	115.868
256.151	115.936
256.3	116.004
256.45	116.072
256.6	116.14
256.75	116.208
256.9	116.276
257.05	116.343
257.2	116.411
257.35	116.479
257.5	116.547
257.65	116.615
257.8	116.683
257.95	116.751
258.099	116.819
258.249	116.886
258.399	116.954
258.549	117.022
258.699	117.09
258.849	117.158
258.999	117.226
259.149	117.294
259.299	117.362
259.449	117.429
259.599	117.497
259.748	117.565
259.898	117.633
260.048	117.701
260.198	117.769
260.348	117.837
260.498	117.905
260.648	117.972
260.798	118.04
260.948	118.108
261.098	118.176
261.248	118.244
261.397	118.312
261.547	118.38
261.697	118.448
261.847	118.515
261.997	118.583
262.147	118.651
262.297	118.719
262.447	118.787
262.597	118.855
262.747	118.923
262.897	118.991
263.047	119.058
263.196	119.126
263.346	119.194
263.496	119.262
263.646	119.33
263.796	119.398
263.946	119.466
264.096	119.534
264.246	119.601
264.396	119.669
264.546	119.737
264.696	119.805
264.845	119.873
264.995	119.941
265.145	120.009
265.295	120.077
265.445	120.144
265.595	120.212
265.745	120.28
265.895	120.348
266.045	120.416
266.195	120.484
266.345	120.552
266.495	120.62
266.644	120.687
266.794	120.755
266.944	120.823
267.094	120.891
267.244	120.959
267.394	121.027
267.544	121.095
267.694	121.163
267.844	121.23
267.994	121.298
268.144	121.366
268.293	121.434
268.443	121.502
268.593	121.57
268.743	121.638
268.893	121.706
269.043	121.773
269.193	121.841
269.343	121.909
269.493	121.977
269.643	122.045
269.793	122.113
269.942	122.181
270.092	122.249
270.242	122.316
270.392	122.384
270.542	122.452
270.692	122.52
270.842	122.588
270.992	122.656
271.142	122.724
271.292	122.792
271.442	122.86
271.592	122.927
271.741	122.995
271.891	123.063
272.041	123.131
272.191	123.199
272.341	123.267
272.491	123.335
272.641	123.403
272.791	123.47
272.941	123.538
273.091	123.606
273.241	123.674
273.39	123.742
273.54	123.81
273.69	123.878
273.84	123.946
273.99	124.013
274.14	124.081
274.29	124.149
274.44	124.217
274.59	124.285
274.74	124.353
274.89	124.421
275.04	124.489
275.189	124.556
275.339	124.624
275.489	124.692
275.639	124.76
275.789	124.828
275.939	124.896
276.089	124.964
276.239	125.032
276.389	125.099
276.539	125.167
276.689	125.235
276.838	125.303
276.988	125.371
277.138	125.439
277.288	125.507
277.438	125.575
277.588	125.642
277.738	125.71
277.888	125.778
278.038	125.846
278.188	125.914
278.338	125.982
278.487	126.05
278.637	126.118
278.787	126.185
278.937	126.253
279.087	126.321
279.237	126.389
279.387	126.457
279.537	126.525
279.687	126.593
279.837	126.661
279.987	126.728
280.137	126.796
280.286	126.864
280.436	126.932
280.586	127
280.736	127.068
280.886	127.136
281.036	127.204
281.186	127.271
281.336	127.339
281.486	127.407
281.636	127.475
281.786	127.543
281.935	127.611
282.085	127.679
282.235	127.747
282.385	127.814
282.535	127.882
282.685	127.95
282.835	128.018
282.985	128.086
283.135	128.154
283.285	128.222
283.435	128.29
283.585	128.357
283.734	128.425
283.884	128.493
284.034	128.561
284.184	128.629
284.334	128.697
284.484	128.765
284.634	128.833
284.784	128.9
284.934	128.968
285.084	129.036
285.234	129.104
285.383	129.172
285.533	129.24
285.683	129.308
285.833	129.376
285.983	129.443
286.133	129.511
286.283	129.579
286.433	129.647
286.583	129.715
286.733	129.783
286.883	129.851
287.032	129.919
287.182	129.986
287.332	130.054
287.482	130.122
287.632	130.19
287.782	130.258
287.932	130.326
288.082	130.394
288.232	130.462
288.382	130.53
288.532	130.597
288.682	130.665
288.831	130.733
288.981	130.801
289.131	130.869
289.281	130.937
289.431	131.005
289.581	131.073
289.731	131.14
289.881	131.208
290.031	131.276
290.181	131.344
290.331	131.412
290.48	131.48
290.63	131.548
290.78	131.616
290.93	131.683
291.08	131.751
291.23	131.819
291.38	131.887
291.53	131.955
291.68	132.023
291.83	132.091
291.98	132.159
292.13	132.226
292.279	132.294
292.429	132.362
292.579	132.43
292.729	132.498
292.879	132.566
293.029	132.634
293.179	132.702
293.329	132.769
293.479	132.837
293.629	132.905
293.779	132.973
293.928	133.041
294.078	133.109
294.228	133.177
294.378	133.245
294.528	133.312
294.678	133.38
294.828	133.448
294.978	133.516
295.128	133.584
295.278	133.652
295.428	133.72
295.577	133.788
295.727	133.855
295.877	133.923
296.027	133.991
296.177	134.059
296.327	134.127
296.477	134.195
296.627	134.263
296.777	134.331
296.927	134.398
297.077	134.466
297.227	134.534
297.376	134.602
297.526	134.67
297.676	134.738
297.826	134.806
297.976	134.874
298.126	134.941
298.276	135.009
298.426	135.077
298.576	135.145
298.726	135.213
298.876	135.281
299.025	135.349
299.175	135.417
299.325	135.484
299.475	135.552
299.625	135.62
299.775	135.688
299.925	135.756
300.075	135.824
300.225	135.892
300.375	135.96
300.525	136.027
300.675	136.095
300.824	136.163
300.974	136.231
301.124	136.299
301.274	136.367
301.424	136.435
301.574	136.503
301.724	136.57
301.874	136.638
302.024	136.706
302.174	136.774
302.324	136.842
302.473	136.91
302.623	136.978
302.773	137.046
302.923	137.113
303.073	137.181
303.223	137.249
303.373	137.317
303.523	137.385
303.673	137.453
303.823	137.521
303.973	137.589
304.122	137.656
304.272	137.724
304.422	137.792
304.572	137.86
304.722	137.928
304.872	137.996
305.022	138.064
305.172	138.132
305.322	138.2
305.472	138.267
305.622	138.335
305.772	138.403
305.921	138.471
306.071	138.539
306.221	138.607
306.371	138.675
306.521	138.743
306.671	138.81
306.821	138.878
306.971	138.946
307.121	139.014
307.271	139.082
307.421	139.15
307.57	139.218
307.72	139.286
307.87	139.353
308.02	139.421
308.17	139.489
308.32	139.557
308.47	139.625
308.62	139.693
308.77	139.761
308.92	139.829
309.07	139.896
309.22	139.964
309.369	140.032
309.519	140.1
309.669	140.168
309.819	140.236
309.969	140.304
310.119	140.372
310.269	140.439
310.419	140.507
310.569	140.575
310.719	140.643
310.869	140.711
311.018	140.779
311.168	140.847
311.318	140.915
311.468	140.982
311.618	141.05
311.768	141.118
311.918	141.186
312.068	141.254
312.218	141.322
312.368	141.39
312.518	141.458
312.667	141.525
312.817	141.593
312.967	141.661
313.117	141.729
313.267	141.797
313.417	141.865
313.567	141.933
313.717	142.001
313.867	142.068
314.017	142.136
314.167	142.204
314.317	142.272
314.466	142.34
314.616	142.408
314.766	142.476
314.916	142.544
315.066	142.611
315.216	142.679
315.366	142.747
315.516	142.815
315.666	142.883
315.816	142.951
315.966	143.019
316.115	143.087
316.265	143.154
316.415	143.222
316.565	143.29
316.715	143.358
316.865	143.426
317.015	143.494
317.165	143.562
317.315	143.63
317.465	143.697
317.615	143.765
317.765	143.833
317.914	143.901
318.064	143.969
318.214	144.037
318.364	144.105
318.514	144.173
318.664	144.24
318.814	144.308
318.964	144.376
319.114	144.444
319.264	144.512
319.414	144.58
319.563	144.648
319.713	144.716
319.863	144.783
320.013	144.851
320.163	144.919
320.313	144.987
320.463	145.055
320.613	145.123
320.763	145.191
320.913	145.259
321.063	145.326
321.212	145.394
321.362	145.462
321.512	145.53
321.662	145.598
321.812	145.666
321.962	145.734
322.112	145.802
322.262	145.87
322.412	145.937
322.562	146.005
322.712	146.073
322.862	146.141
323.011	146.209
323.161	146.277
323.311	146.345
323.461	146.413
323.611	146.48
323.761	146.548
323.911	146.616
324.061	146.684
324.211	146.752
324.361	146.82
324.511	146.888
324.66	146.956
324.81	147.023
324.96	147.091
325.11	147.159
325.26	147.227
325.41	147.295
325.56	147.363
325.71	147.431
325.86	147.499
326.01	147.566
326.16	147.634
326.31	147.702
326.459	147.77
326.609	147.838
326.759	147.906
326.909	147.974
327.059	148.042
327.209	148.109
327.359	148.177
327.509	148.245
327.659	148.313
327.809	148.381
327.959	148.449
328.108	148.517
328.258	148.585
328.408	148.652
328.558	148.72
328.708	148.788
328.858	148.856
329.008	148.924
329.158	148.992
329.308	149.06
329.458	149.128
329.608	149.195
329.757	149.263
329.907	149.331
330.057	149.399
330.207	149.467
330.357	149.535
330.507	149.603
330.657	149.671
330.807	149.738
330.957	149.806
331.107	149.874
331.257	149.942
331.407	150.01
331.556	150.078
331.706	150.146
331.856	150.214
332.006	150.281
332.156	150.349
332.306	150.417
332.456	150.485
332.606	150.553
332.756	150.621
332.906	150.689
333.056	150.757
333.205	150.824
333.355	150.892
333.505	150.96
333.655	151.028
333.805	151.096
333.955	151.164
334.105	151.232
334.255	151.3
334.405	151.367
334.555	151.435
334.705	151.503
334.855	151.571
335.004	151.639
335.154	151.707
335.304	151.775
335.454	151.843
335.604	151.91
335.754	151.978
335.904	152.046
336.054	152.114
336.204	152.182
336.354	152.25
336.504	152.318
336.653	152.386
336.803	152.453
336.953	152.521
337.103	152.589
337.253	152.657
337.403	152.725
337.553	152.793
337.703	152.861
337.853	152.929
338.003	152.996
338.153	153.064
338.302	153.132
338.452	153.2
338.602	153.268
338.752	153.336
338.902	153.404
339.052	153.472
339.202	153.54
339.352	153.607
339.502	153.675
339.652	153.743
339.802	153.811
339.952	153.879
340.101	153.947
340.251	154.015
340.401	154.083
340.551	154.15
340.701	154.218
340.851	154.286
341.001	154.354
341.151	154.422
341.301	154.49
341.451	154.558
341.601	154.626
341.75	154.693
341.9	154.761
342.05	154.829
342.2	154.897
342.35	154.965
342.5	155.033
342.65	155.101
342.8	155.169
342.95	155.236
343.1	155.304
343.25	155.372
343.4	155.44
343.549	155.508
343.699	155.576
343.849	155.644
343.999	155.712
344.149	155.779
344.299	155.847
344.449	155.915
344.599	155.983
344.749	156.051
344.899	156.119
345.049	156.187
345.198	156.255
345.348	156.322
345.498	156.39
345.648	156.458
345.798	156.526
345.948	156.594
346.098	156.662
346.248	156.73
346.398	156.798
346.548	156.865
346.698	156.933
346.847	157.001
346.997	157.069
347.147	157.137
347.297	157.205
347.447	157.273
347.597	157.341
347.747	157.408
347.897	157.476
348.047	157.544
348.197	157.612
348.347	157.68
348.497	157.748
348.646	157.816
348.796	157.884
348.946	157.951
349.096	158.019
349.246	158.087
349.396	158.155
349.546	158.223
349.696	158.291
349.846	158.359
349.996	158.427
350.146	158.494
350.295	158.562
350.445	158.63
350.595	158.698
350.745	158.766
350.895	158.834
351.045	158.902
351.195	158.97
351.345	159.037
351.495	159.105
351.645	159.173
351.795	159.241
351.945	159.309
352.094	159.377
352.244	159.445
352.394	159.513
352.544	159.58
352.694	159.648
352.844	159.716
352.994	159.784
353.144	159.852
353.294	159.92
353.444	159.988
353.594	160.056
353.743	160.123
353.893	160.191
354.043	160.259
354.193	160.327
354.343	160.395
354.493	160.463
354.643	160.531
354.793	160.599
354.943	160.666
355.093	160.734
355.243	160.802
355.392	160.87
355.542	160.938
355.692	161.006
355.842	161.074
355.992	161.142
356.142	161.21
356.292	161.277
356.442	161.345
356.592	161.413
356.742	161.481
356.892	161.549
357.042	161.617
357.191	161.685
357.341	161.753
357.491	161.82
357.641	161.888
357.791	161.956
357.941	162.024
358.091	162.092
358.241	162.16
358.391	162.228
358.541	162.296
358.691	162.363
358.84	162.431
358.99	162.499
359.14	162.567
359.29	162.635
359.44	162.703
359.59	162.771
359.74	162.839
359.89	162.906
360.04	162.974
360.19	163.042
360.34	163.11
360.489	163.178
360.639	163.246
360.789	163.314
360.939	163.382
361.089	163.449
361.239	163.517
361.389	163.585
361.539	163.653
361.689	163.721
361.839	163.789
361.989	163.857
362.139	163.925
362.288	163.992
362.438	164.06
362.588	164.128
362.738	164.196
362.888	164.264
363.038	164.332
363.188	164.4
363.338	164.468
363.488	164.535
363.638	164.603
363.788	164.671
363.937	164.739
364.087	164.807
364.237	164.875
364.387	164.943
364.537	165.011
364.687	165.078
364.837	165.146
364.987	165.214
365.137	165.282
365.287	165.35
365.437	165.418
365.587	165.486
365.736	165.554
365.886	165.621
366.036	165.689
366.186	165.757
366.336	165.825
366.486	165.893
366.636	165.961
366.786	166.029
366.936	166.097
367.086	166.164
367.236	166.232
367.385	166.3
367.535	166.368
367.685	166.436
367.835	166.504
367.985	166.572
368.135	166.64
368.285	166.707
368.435	166.775
368.585	166.843
368.735	166.911
368.885	166.979
369.034	167.047
369.184	167.115
369.334	167.183
369.484	167.25
369.634	167.318
369.784	167.386
369.934	167.454
370.084	167.522
370.234	167.59
370.384	167.658
370.534	167.726
370.684	167.793
370.833	167.861
370.983	167.929
371.133	167.997
371.283	168.065
371.433	168.133
371.583	168.201
371.733	168.269
371.883	168.336
372.033	168.404
372.183	168.472
372.333	168.54
372.482	168.608
372.632	168.676
372.782	168.744
372.932	168.812
373.082	168.879
373.232	168.947
373.382	169.015
373.532	169.083
373.682	169.151
373.832	169.219
373.982	169.287
374.132	169.355
374.281	169.423
374.431	169.49
374.581	169.558
374.731	169.626
374.881	169.694
375.031	169.762
375.181	169.83
375.331	169.898
375.481	169.966
375.631	170.033
375.781	170.101
375.93	170.169
376.08	170.237
376.23	170.305
376.38	170.373
376.53	170.441
376.68	170.509
376.83	170.576
376.98	170.644
377.13	170.712
377.28	170.78
377.43	170.848
377.579	170.916
377.729	170.984
377.879	171.052
378.029	171.119
378.179	171.187
378.329	171.255
378.479	171.323
378.629	171.391
378.779	171.459
378.929	171.527
379.079	171.595
379.229	171.662
379.378	171.73
379.528	171.798
379.678	171.866
379.828	171.934
379.978	172.002
380.128	172.07
380.278	172.138
380.428	172.205
380.578	172.273
380.728	172.341
380.878	172.409
381.027	172.477
381.177	172.545
381.327	172.613
381.477	172.681
381.627	172.748
381.777	172.816
381.927	172.884
382.077	172.952
382.227	173.02
382.377	173.088
382.527	173.156
382.677	173.224
382.826	173.291
382.976	173.359
383.126	173.427
383.276	173.495
383.426	173.563
383.576	173.631
383.726	173.699
383.876	173.767
384.026	173.834
384.176	173.902
384.326	173.97
384.475	174.038
384.625	174.106
384.775	174.174
384.925	174.242
385.075	174.31
385.225	174.377
385.375	174.445
385.525	174.513
385.675	174.581
385.825	174.649
385.975	174.717
386.124	174.785
386.274	174.853
386.424	174.92
386.574	174.988
386.724	175.056
386.874	175.124
387.024	175.192
387.174	175.26
387.324	175.328
387.474	175.396
387.624	175.463
387.774	175.531
387.923	175.599
388.073	175.667
388.223	175.735
388.373	175.803
388.523	175.871
388.673	175.939
388.823	176.006
388.973	176.074
389.123	176.142
389.273	176.21
389.423	176.278
389.572	176.346
389.722	176.414
389.872	176.482
390.022	176.549
390.172	176.617
390.322	176.685
390.472	176.753
390.622	176.821
390.772	176.889
390.922	176.957
391.072	177.025
391.221	177.093
391.371	177.16
391.521	177.228
391.671	177.296
391.821	177.364
391.971	177.432
392.121	177.5
392.271	177.568
392.421	177.636
392.571	177.703
392.721	177.771
392.871	177.839
393.02	177.907
393.17	177.975
393.32	178.043
393.47	178.111
393.62	178.179
393.77	178.246
393.92	178.314
394.07	178.382
394.22	178.45
394.37	178.518
394.52	178.586
394.669	178.654
394.819	178.722
394.969	178.789
395.119	178.857
395.269	178.925
395.419	178.993
395.569	179.061
395.719	179.129
395.869	179.197
396.019	179.265
396.169	179.332
396.319	179.4
396.468	179.468
396.618	179.536
396.768	179.604
396.918	179.672
397.068	179.74
397.218	179.808
397.368	179.875
397.518	179.943
397.668	180.011
397.818	180.079
397.968	180.147
398.117	180.215
398.267	180.283
398.417	180.351
398.567	180.418
398.717	180.486
398.867	180.554
399.017	180.622
399.167	180.69
399.317	180.758
399.467	180.826
399.617	180.894
399.766	180.961
399.916	181.029
400.066	181.097
400.216	181.165
400.366	181.233
400.516	181.301
400.666	181.369
400.816	181.437
400.966	181.504
401.116	181.572
401.266	181.64
401.416	181.708
401.565	181.776
401.715	181.844
401.865	181.912
402.015	181.98
402.165	182.047
402.315	182.115
402.465	182.183
402.615	182.251
402.765	182.319
402.915	182.387
403.065	182.455
403.214	182.523
403.364	182.59
403.514	182.658
403.664	182.726
403.814	182.794
403.964	182.862
404.114	182.93
404.264	182.998
404.414	183.066
404.564	183.133
404.714	183.201
404.864	183.269
405.013	183.337
405.163	183.405
405.313	183.473
405.463	183.541
405.613	183.609
405.763	183.676
405.913	183.744
406.063	183.812
406.213	183.88
406.363	183.948
406.513	184.016
406.662	184.084
406.812	184.152
406.962	184.219
407.112	184.287
407.262	184.355
407.412	184.423
407.562	184.491
407.712	184.559
407.862	184.627
408.012	184.695
408.162	184.762
408.311	184.83
408.461	184.898
408.611	184.966
408.761	185.034
408.911	185.102
409.061	185.17
409.211	185.238
409.361	185.306
409.511	185.373
409.661	185.441
409.811	185.509
409.961	185.577
410.11	185.645
410.26	185.713
410.41	185.781
410.56	185.849
410.71	185.916
410.86	185.984
411.01	186.052
411.16	186.12
411.31	186.188
411.46	186.256
411.61	186.324
411.759	186.392
411.909	186.459
412.059	186.527
412.209	186.595
412.359	186.663
412.509	186.731
412.659	186.799
412.809	186.867
412.959	186.935
413.109	187.002
413.259	187.07
413.409	187.138
413.558	187.206
413.708	187.274
413.858	187.342
414.008	187.41
414.158	187.478
414.308	187.545
414.458	187.613
414.608	187.681
414.758	187.749
414.908	187.817
415.058	187.885
415.207	187.953
415.357	188.021
415.507	188.088
415.657	188.156
415.807	188.224
415.957	188.292
416.107	188.36
416.257	188.428
416.407	188.496
416.557	188.564
416.707	188.631
416.856	188.699
417.006	188.767
417.156	188.835
417.306	188.903
417.456	188.971
417.606	189.039
417.756	189.107
417.906	189.174
418.056	189.242
418.206	189.31
418.356	189.378
418.506	189.446
418.655	189.514
418.805	189.582
418.955	189.65
419.105	189.717
419.255	189.785
419.405	189.853
419.555	189.921
419.705	189.989
419.855	190.057
420.005	190.125
420.155	190.193
420.304	190.26
420.454	190.328
420.604	190.396
420.754	190.464
420.904	190.532
421.054	190.6
421.204	190.668
421.354	190.736
421.504	190.803
421.654	190.871
421.804	190.939
421.953	191.007
422.103	191.075
422.253	191.143
422.403	191.211
422.553	191.279
422.703	191.346
422.853	191.414
423.003	191.482
423.153	191.55
423.303	191.618
423.453	191.686
423.603	191.754
423.752	191.822
423.902	191.889
424.052	191.957
424.202	192.025
424.352	192.093
424.502	192.161
424.652	192.229
424.802	192.297
424.952	192.365
425.102	192.432
425.252	192.5
425.401	192.568
425.551	192.636
425.701	192.704
425.851	192.772
426.001	192.84
426.151	192.908
426.301	192.975
426.451	193.043
426.601	193.111
426.751	193.179
426.901	193.247
427.051	193.315
427.2	193.383
427.35	193.451
427.5	193.519
427.65	193.586
427.8	193.654
427.95	193.722
428.1	193.79
428.25	193.858
428.4	193.926
428.55	193.994
428.7	194.062
428.849	194.129
428.999	194.197
429.149	194.265
429.299	194.333
429.449	194.401
429.599	194.469
429.749	194.537
429.899	194.605
430.049	194.672
430.199	194.74
430.349	194.808
430.498	194.876
430.648	194.944
430.798	195.012
430.948	195.08
431.098	195.148
431.248	195.215
431.398	195.283
431.548	195.351
431.698	195.419
431.848	195.487
431.998	195.555
432.148	195.623
432.297	195.691
432.447	195.758
432.597	195.826
432.747	195.894
432.897	195.962
433.047	196.03
433.197	196.098
433.347	196.166
433.497	196.234
433.647	196.301
433.797	196.369
433.946	196.437
434.096	196.505
434.246	196.573
434.396	196.641
434.546	196.709
434.696	196.777
434.846	196.844
434.996	196.912
435.146	196.98
435.296	197.048
435.446	197.116
435.596	197.184
435.745	197.252
435.895	197.32
436.045	197.387
436.195	197.455
436.345	197.523
436.495	197.591
436.645	197.659
436.795	197.727
436.945	197.795
437.095	197.863
437.245	197.93
437.394	197.998
437.544	198.066
437.694	198.134
437.844	198.202
437.994	198.27
438.144	198.338
438.294	198.406
438.444	198.473
438.594	198.541
438.744	198.609
438.894	198.677
439.043	198.745
439.193	198.813
439.343	198.881
439.493	198.949
439.643	199.016
439.793	199.084
439.943	199.152
440.093	199.22
440.243	199.288
440.393	199.356
440.543	199.424
440.693	199.492
440.842	199.559
440.992	199.627
441.142	199.695
441.292	199.763
441.442	199.831
441.592	199.899
441.742	199.967
441.892	200.035
442.042	200.102
442.192	200.17
442.342	200.238
442.491	200.306
442.641	200.374
442.791	200.442
442.941	200.51
443.091	200.578
443.241	200.645
443.391	200.713
443.541	200.781
443.691	200.849
443.841	200.917
443.991	200.985
444.14	201.053
444.29	201.121
444.44	201.189
444.59	201.256
444.74	201.324
444.89	201.392
445.04	201.46
445.19	201.528
445.34	201.596
445.49	201.664
445.64	201.732
445.79	201.799
445.939	201.867
446.089	201.935
446.239	202.003
446.389	202.071
446.539	202.139
446.689	202.207
446.839	202.275
446.989	202.342
447.139	202.41
447.289	202.478
447.439	202.546
447.588	202.614
447.738	202.682
447.888	202.75
448.038	202.818
448.188	202.885
448.338	202.953
448.488	203.021
448.638	203.089
448.788	203.157
448.938	203.225
449.088	203.293
449.238	203.361
449.387	203.428
449.537	203.496
449.687	203.564
449.837	203.632
449.987	203.7
450.137	203.768
450.287	203.836
450.437	203.904
450.587	203.971
450.737	204.039
450.887	204.107
451.036	204.175
451.186	204.243
451.336	204.311
451.486	204.379
451.636	204.447
451.786	204.514
451.936	204.582
452.086	204.65
452.236	204.718
452.386	204.786
452.536	204.854
452.685	204.922
452.835	204.99
452.985	205.057
453.135	205.125
453.285	205.193
453.435	205.261
453.585	205.329
453.735	205.397
453.885	205.465
454.035	205.533
454.185	205.6
454.335	205.668
454.484	205.736
454.634	205.804
454.784	205.872
454.934	205.94
455.084	206.008
455.234	206.076
455.384	206.143
455.534	206.211
455.684	206.279
455.834	206.347
455.984	206.415
456.133	206.483
456.283	206.551
456.433	206.619
456.583	206.686
456.733	206.754
456.883	206.822
457.033	206.89
457.183	206.958
457.333	207.026
457.483	207.094
457.633	207.162
457.783	207.229
457.932	207.297
458.082	207.365
458.232	207.433
458.382	207.501
458.532	207.569
458.682	207.637
458.832	207.705
458.982	207.772
459.132	207.84
459.282	207.908
459.432	207.976
459.581	208.044
459.731	208.112
459.881	208.18
460.031	208.248
460.181	208.315
460.331	208.383
460.481	208.451
460.631	208.519
460.781	208.587
460.931	208.655
461.081	208.723
461.23	208.791
461.38	208.858
461.53	208.926
461.68	208.994
461.83	209.062
461.98	209.13
462.13	209.198
462.28	209.266
462.43	209.334
462.58	209.402
462.73	209.469
462.88	209.537
463.029	209.605
463.179	209.673
463.329	209.741
463.479	209.809
463.629	209.877
463.779	209.945
463.929	210.012
464.079	210.08
464.229	210.148
464.379	210.216
464.529	210.284
464.678	210.352
464.828	210.42
464.978	210.488
465.128	210.555
465.278	210.623
465.428	210.691
465.578	210.759
465.728	210.827
465.878	210.895
466.028	210.963
466.178	211.031
466.327	211.098
466.477	211.166
466.627	211.234
466.777	211.302
466.927	211.37
467.077	211.438
467.227	211.506
467.377	211.574
467.527	211.641
467.677	211.709
467.827	211.777
467.977	211.845
468.126	211.913
468.276	211.981
468.426	212.049
468.576	212.117
468.726	212.184
468.876	212.252
469.026	212.32
469.176	212.388
469.326	212.456
469.476	212.524
469.626	212.592
469.775	212.66
469.925	212.727
470.075	212.795
470.225	212.863
470.375	212.931
470.525	212.999
470.675	213.067
470.825	213.135
470.975	213.203
471.125	213.27
471.275	213.338
471.425	213.406
471.574	213.474
471.724	213.542
471.874	213.61
472.024	213.678
472.174	213.746
472.324	213.813
472.474	213.881
472.624	213.949
472.774	214.017
472.924	214.085
473.074	214.153
473.223	214.221
473.373	214.289
473.523	214.356
473.673	214.424
473.823	214.492
473.973	214.56
474.123	214.628
474.273	214.696
474.423	214.764
474.573	214.832
474.723	214.899
474.872	214.967
475.022	215.035
475.172	215.103
475.322	215.171
475.472	215.239
475.622	215.307
475.772	215.375
475.922	215.442
476.072	215.51
476.222	215.578
476.372	215.646
476.522	215.714
476.671	215.782
476.821	215.85
476.971	215.918
477.121	215.985
477.271	216.053
477.421	216.121
477.571	216.189
477.721	216.257
477.871	216.325
478.021	216.393
478.171	216.461
478.32	216.528
478.47	216.596
478.62	216.664
478.77	216.732
478.92	216.8
479.07	216.868
479.22	216.936
479.37	217.004
479.52	217.071
479.67	217.139
479.82	217.207
479.97	217.275
480.119	217.343
480.269	217.411
480.419	217.479
480.569	217.547
480.719	217.615
480.869	217.682
481.019	217.75
481.169	217.818
481.319	217.886
481.469	217.954
481.619	218.022
481.768	218.09
481.918	218.158
482.068	218.225
482.218	218.293
482.368	218.361
482.518	218.429
482.668	218.497
482.818	218.565
482.968	218.633
483.118	218.701
483.268	218.768
483.417	218.836
483.567	218.904
483.717	218.972
483.867	219.04
484.017	219.108
484.167	219.176
484.317	219.244
484.467	219.311
484.617	219.379
484.767	219.447
484.917	219.515
485.067	219.583
485.216	219.651
485.366	219.719
485.516	219.787
485.666	219.854
485.816	219.922
485.966	219.99
486.116	220.058
486.266	220.126
486.416	220.194
486.566	220.262
486.716	220.33
486.865	220.397
487.015	220.465
487.165	220.533
487.315	220.601
487.465	220.669
487.615	220.737
487.765	220.805
487.915	220.873
488.065	220.94
488.215	221.008
488.365	221.076
488.514	221.144
488.664	221.212
488.814	221.28
488.964	221.348
489.114	221.416
489.264	221.483
489.414	221.551
489.564	221.619
489.714	221.687
489.864	221.755
490.014	221.823
490.164	221.891
490.313	221.959
490.463	222.026
490.613	222.094
490.763	222.162
490.913	222.23
491.063	222.298
491.213	222.366
491.363	222.434
491.513	222.502
491.663	222.569
491.813	222.637
491.962	222.705
492.112	222.773
492.262	222.841
492.412	222.909
492.562	222.977
492.712	223.045
492.862	223.112
493.012	223.18
493.162	223.248
493.312	223.316
493.462	223.384
493.612	223.452
493.761	223.52
493.911	223.588
494.061	223.655
494.211	223.723
494.361	223.791
494.511	223.859
494.661	223.927
494.811	223.995
494.961	224.063
495.111	224.131
495.261	224.198
495.41	224.266
495.56	224.334
495.71	224.402
495.86	224.47
496.01	224.538
496.16	224.606
496.31	224.674
496.46	224.741
496.61	224.809
496.76	224.877
496.91	224.945
497.059	225.013
497.209	225.081
497.359	225.149
497.509	225.217
497.659	225.284
497.809	225.352
497.959	225.42
498.109	225.488
498.259	225.556
498.409	225.624
498.559	225.692
498.709	225.76
498.858	225.828
499.008	225.895
499.158	225.963
499.308	226.031
499.458	226.099
499.608	226.167
499.758	226.235
499.908	226.303
500.058	226.371
500.208	226.438
500.358	226.506
500.507	226.574
500.657	226.642
500.807	226.71
500.957	226.778
501.107	226.846
501.257	226.914
501.407	226.981
501.557	227.049
501.707	227.117
501.857	227.185
502.007	227.253
502.157	227.321
502.306	227.389
502.456	227.457
502.606	227.524
502.756	227.592
502.906	227.66
503.056	227.728
503.206	227.796
503.356	227.864
503.506	227.932
503.656	228
503.806	228.067
503.955	228.135
504.105	228.203
504.255	228.271
504.405	228.339
504.555	228.407
504.705	228.475
504.855	228.543
505.005	228.61
505.155	228.678
505.305	228.746
505.455	228.814
505.604	228.882
505.754	228.95
505.904	229.018
506.054	229.086
506.204	229.153
506.354	229.221
506.504	229.289
506.654	229.357
506.804	229.425
506.954	229.493
507.104	229.561
507.254	229.629
507.403	229.696
507.553	229.764
507.703	229.832
507.853	229.9
508.003	229.968
508.153	230.036
508.303	230.104
508.453	230.172
508.603	230.239
508.753	230.307
508.903	230.375
509.052	230.443
509.202	230.511
509.352	230.579
509.502	230.647
509.652	230.715
509.802	230.782
509.952	230.85
510.102	230.918
510.252	230.986
510.402	231.054
510.552	231.122
510.701	231.19
510.851	231.258
511.001	231.325
511.151	231.393
511.301	231.461
511.451	231.529
511.601	231.597
511.751	231.665
511.901	231.733
512.051	231.801
512.201	231.868
512.351	231.936
512.5	232.004
512.65	232.072
512.8	232.14
512.95	232.208
513.1	232.276
513.25	232.344
513.4	232.411
513.55	232.479
513.7	232.547
513.85	232.615
514	232.683
514.149	232.751
514.299	232.819
514.449	232.887
514.599	232.954
514.749	233.022
514.899	233.09
515.049	233.158
515.199	233.226
515.349	233.294
515.499	233.362
515.649	233.43
515.799	233.497
515.948	233.565
516.098	233.633
516.248	233.701
516.398	233.769
516.548	233.837
516.698	233.905
516.848	233.973
516.998	234.041
517.148	234.108
517.298	234.176
517.448	234.244
517.597	234.312
517.747	234.38
517.897	234.448
518.047	234.516
518.197	234.584
518.347	234.651
518.497	234.719
518.647	234.787
518.797	234.855
518.947	234.923
519.097	234.991
519.246	235.059
519.396	235.127
519.546	235.194
519.696	235.262
519.846	235.33
519.996	235.398
520.146	235.466
520.296	235.534
520.446	235.602
520.596	235.67
520.746	235.737
520.896	235.805
521.045	235.873
521.195	235.941
521.345	236.009
521.495	236.077
521.645	236.145
521.795	236.213
521.945	236.28
522.095	236.348
522.245	236.416
522.395	236.484
522.545	236.552
522.694	236.62
522.844	236.688
522.994	236.756
523.144	236.823
523.294	236.891
523.444	236.959
523.594	237.027
523.744	237.095
523.894	237.163
524.044	237.231
524.194	237.299
524.343	237.366
524.493	237.434
524.643	237.502
524.793	237.57
524.943	237.638
525.093	237.706
525.243	237.774
525.393	237.842
525.543	237.909
525.693	237.977
525.843	238.045
525.993	238.113
526.142	238.181
526.292	238.249
526.442	238.317
526.592	238.385
526.742	238.452
526.892	238.52
527.042	238.588
527.192	238.656
527.342	238.724
527.492	238.792
527.642	238.86
527.791	238.928
527.941	238.995
528.091	239.063
528.241	239.131
528.391	239.199
528.541	239.267
528.691	239.335
528.841	239.403
528.991	239.471
529.141	239.538
529.291	239.606
529.441	239.674
529.59	239.742
529.74	239.81
529.89	239.878
530.04	239.946
530.19	240.014
530.34	240.081
530.49	240.149
530.64	240.217
530.79	240.285
530.94	240.353
531.09	240.421
531.239	240.489
531.389	240.557
531.539	240.624
531.689	240.692
531.839	240.76
531.989	240.828
532.139	240.896
532.289	240.964
532.439	241.032
532.589	241.1
532.739	241.167
532.888	241.235
533.038	241.303
533.188	241.371
533.338	241.439
533.488	241.507
533.638	241.575
533.788	241.643
533.938	241.711
534.088	241.778
534.238	241.846
534.388	241.914
534.538	241.982
534.687	242.05
534.837	242.118
534.987	242.186
535.137	242.254
535.287	242.321
535.437	242.389
535.587	242.457
535.737	242.525
535.887	242.593
536.037	242.661
536.187	242.729
536.336	242.797
536.486	242.864
536.636	242.932
536.786	243
536.936	243.068
537.086	243.136
537.236	243.204
537.386	243.272
537.536	243.34
537.686	243.407
537.836	243.475
537.986	243.543
538.135	243.611
538.285	243.679
538.435	243.747
538.585	243.815
538.735	243.883
538.885	243.95
539.035	244.018
539.185	244.086
539.335	244.154
539.485	244.222
539.635	244.29
539.784	244.358
539.934	244.426
540.084	244.493
540.234	244.561
540.384	244.629
540.534	244.697
540.684	244.765
540.834	244.833
540.984	244.901
541.134	244.969
541.284	245.036
541.433	245.104
541.583	245.172
541.733	245.24
541.883	245.308
542.033	245.376
542.183	245.444
542.333	245.512
542.483	245.579
542.633	245.647
542.783	245.715
542.933	245.783
543.083	245.851
543.232	245.919
543.382	245.987
543.532	246.055
543.682	246.122
543.832	246.19
543.982	246.258
544.132	246.326
544.282	246.394
544.432	246.462
544.582	246.53
544.732	246.598
544.881	246.665
545.031	246.733
545.181	246.801
545.331	246.869
545.481	246.937
545.631	247.005
545.781	247.073
545.931	247.141
546.081	247.208
546.231	247.276
546.381	247.344
546.53	247.412
546.68	247.48
546.83	247.548
546.98	247.616
547.13	247.684
547.28	247.751
547.43	247.819
547.58	247.887
547.73	247.955
547.88	248.023
548.03	248.091
548.18	248.159
548.329	248.227
548.479	248.294
548.629	248.362
548.779	248.43
548.929	248.498
549.079	248.566
549.229	248.634
549.379	248.702
549.529	248.77
549.679	248.837
549.829	248.905
549.978	248.973
550.128	249.041
550.278	249.109
550.428	249.177
550.578	249.245
550.728	249.313
550.878	249.38
551.028	249.448
551.178	249.516
551.328	249.584
551.478	249.652
551.628	249.72
551.777	249.788
551.927	249.856
552.077	249.924
552.227	249.991
552.377	250.059
552.527	250.127
552.677	250.195
552.827	250.263
552.977	250.331
553.127	250.399
553.277	250.467
553.426	250.534
553.576	250.602
553.726	250.67
553.876	250.738
554.026	250.806
554.176	250.874
554.326	250.942
554.476	251.01
554.626	251.077
554.776	251.145
554.926	251.213
555.075	251.281
555.225	251.349
555.375	251.417
555.525	251.485
555.675	251.553
555.825	251.62
555.975	251.688
556.125	251.756
556.275	251.824
556.425	251.892
556.575	251.96
556.725	252.028
556.874	252.096
557.024	252.163
557.174	252.231
557.324	252.299
557.474	252.367
557.624	252.435
557.774	252.503
557.924	252.571
558.074	252.639
558.224	252.706
558.374	252.774
558.523	252.842
558.673	252.91
558.823	252.978
558.973	253.046
559.123	253.114
559.273	253.182
559.423	253.249
559.573	253.317
559.723	253.385
559.873	253.453
560.023	253.521
560.172	253.589
560.322	253.657
560.472	253.725
560.622	253.792
560.772	253.86
560.922	253.928
561.072	253.996
561.222	254.064
561.372	254.132
561.522	254.2
561.672	254.268
561.822	254.335
561.971	254.403
562.121	254.471
562.271	254.539
562.421	254.607
562.571	254.675
562.721	254.743
562.871	254.811
563.021	254.878
563.171	254.946
563.321	255.014
563.471	255.082
563.62	255.15
563.77	255.218
563.92	255.286
564.07	255.354
564.22	255.421
564.37	255.489
564.52	255.557
564.67	255.625
564.82	255.693
564.97	255.761
565.12	255.829
565.27	255.897
565.419	255.964
565.569	256.032
565.719	256.1
565.869	256.168
566.019	256.236
566.169	256.304
566.319	256.372
566.469	256.44
566.619	256.507
566.769	256.575
566.919	256.643
567.068	256.711
567.218	256.779
567.368	256.847
567.518	256.915
567.668	256.983
567.818	257.05
567.968	257.118
568.118	257.186
568.268	257.254
568.418	257.322
568.568	257.39
568.717	257.458
568.867	257.526
569.017	257.593
569.167	257.661
569.317	257.729
569.467	257.797
569.617	257.865
569.767	257.933
569.917	258.001
570.067	258.069
570.217	258.137
570.367	258.204
570.516	258.272
570.666	258.34
570.816	258.408
570.966	258.476
571.116	258.544
571.266	258.612
571.416	258.68
571.566	258.747
571.716	258.815
571.866	258.883
572.016	258.951
572.165	259.019
572.315	259.087
572.465	259.155
572.615	259.223
572.765	259.29
572.915	259.358
573.065	259.426
573.215	259.494
573.365	259.562
573.515	259.63
573.665	259.698
573.814	259.766
573.964	259.833
574.114	259.901
574.264	259.969
574.414	260.037
574.564	260.105
574.714	260.173
574.864	260.241
575.014	260.309
575.164	260.376
575.314	260.444
575.464	260.512
575.613	260.58
575.763	260.648
575.913	260.716
576.063	260.784
576.213	260.852
576.363	260.919
576.513	260.987
576.663	261.055
576.813	261.123
576.963	261.191
577.113	261.259
577.262	261.327
577.412	261.395
577.562	261.462
577.712	261.53
577.862	261.598
578.012	261.666
578.162	261.734
578.312	261.802
578.462	261.87
578.612	261.938
578.762	262.005
578.912	262.073
579.061	262.141
579.211	262.209
579.361	262.277
579.511	262.345
579.661	262.413
579.811	262.481
579.961	262.548
580.111	262.616
580.261	262.684
580.411	262.752
580.561	262.82
580.71	262.888
580.86	262.956
581.01	263.024
581.16	263.091
581.31	263.159
581.46	263.227
581.61	263.295
581.76	263.363
581.91	263.431
582.06	263.499
582.21	263.567
582.359	263.634
582.509	263.702
582.659	263.77
582.809	263.838
582.959	263.906
583.109	263.974
583.259	264.042
583.409	264.11
583.559	264.177
583.709	264.245
583.859	264.313
584.009	264.381
584.158	264.449
584.308	264.517
584.458	264.585
584.608	264.653
584.758	264.72
584.908	264.788
585.058	264.856
585.208	264.924
585.358	264.992
585.508	265.06
585.658	265.128
585.807	265.196
585.957	265.263
586.107	265.331
586.257	265.399
586.407	265.467
586.557	265.535
586.707	265.603
586.857	265.671
587.007	265.739
587.157	265.806
587.307	265.874
587.456	265.942
587.606	266.01
587.756	266.078
587.906	266.146
588.056	266.214
588.206	266.282
588.356	266.349
588.506	266.417
588.656	266.485
588.806	266.553
588.956	266.621
589.106	266.689
589.255	266.757
589.405	266.825
589.555	266.893
589.705	266.96
589.855	267.028
590.005	267.096
590.155	267.164
590.305	267.232
590.455	267.3
590.605	267.368
590.755	267.436
590.904	267.503
591.054	267.571
591.204	267.639
591.354	267.707
591.504	267.775
591.654	267.843
591.804	267.911
591.954	267.979
592.104	268.046
592.254	268.114
592.404	268.182
592.554	268.25
592.703	268.318
592.853	268.386
593.003	268.454
593.153	268.522
593.303	268.589
593.453	268.657
593.603	268.725
593.753	268.793
593.903	268.861
594.053	268.929
594.203	268.997
594.352	269.065
594.502	269.132
594.652	269.2
594.802	269.268
594.952	269.336
595.102	269.404
595.252	269.472
595.402	269.54
595.552	269.608
595.702	269.675
595.852	269.743
596.001	269.811
596.151	269.879
596.301	269.947
596.451	270.015
596.601	270.083
596.751	270.151
596.901	270.218
597.051	270.286
597.201	270.354
597.351	270.422
597.501	270.49
597.651	270.558
597.8	270.626
597.95	270.694
598.1	270.761
598.25	270.829
598.4	270.897
598.55	270.965
598.7	271.033
598.85	271.101
599	271.169
599.15	271.237
599.3	271.304
599.449	271.372
599.599	271.44
599.749	271.508
599.899	271.576
600.049	271.644
600.199	271.712
600.349	271.78
600.499	271.847
600.649	271.915
600.799	271.983
600.949	272.051
601.099	272.119
601.248	272.187
601.398	272.255
601.548	272.323
601.698	272.39
601.848	272.458
601.998	272.526
602.148	272.594
602.298	272.662
602.448	272.73
602.598	272.798
602.748	272.866
602.897	272.933
603.047	273.001
603.197	273.069
603.347	273.137
603.497	273.205
603.647	273.273
603.797	273.341
603.947	273.409
604.097	273.476
604.247	273.544
604.397	273.612
604.546	273.68
604.696	273.748
604.846	273.816
604.996	273.884
605.146	273.952
605.296	274.019
605.446	274.087
605.596	274.155
605.746	274.223
605.896	274.291
606.046	274.359
606.196	274.427
606.345	274.495
606.495	274.562
606.645	274.63
606.795	274.698
606.945	274.766
607.095	274.834
607.245	274.902
607.395	274.97
607.545	275.038
607.695	275.106
607.845	275.173
607.994	275.241
608.144	275.309
608.294	275.377
608.444	275.445
608.594	275.513
608.744	275.581
608.894	275.649
609.044	275.716
609.194	275.784
609.344	275.852
609.494	275.92
609.643	275.988
609.793	276.056
609.943	276.124
610.093	276.192
610.243	276.259
610.393	276.327
610.543	276.395
610.693	276.463
610.843	276.531
610.993	276.599
611.143	276.667
611.293	276.735
611.442	276.802
611.592	276.87
611.742	276.938
611.892	277.006
612.042	277.074
612.192	277.142
612.342	277.21
612.492	277.278
612.642	277.345
612.792	277.413
612.942	277.481
613.091	277.549
613.241	277.617
613.391	277.685
613.541	277.753
613.691	277.821
613.841	277.888
613.991	277.956
614.141	278.024
614.291	278.092
614.441	278.16
614.591	278.228
614.741	278.296
614.89	278.364
615.04	278.431
615.19	278.499
615.34	278.567
615.49	278.635
615.64	278.703
615.79	278.771
615.94	278.839
616.09	278.907
616.24	278.974
616.39	279.042
616.539	279.11
616.689	279.178
616.839	279.246
616.989	279.314
617.139	279.382
617.289	279.45
617.439	279.517
617.589	279.585
617.739	279.653
617.889	279.721
618.039	279.789
618.188	279.857
618.338	279.925
618.488	279.993
618.638	280.06
618.788	280.128
618.938	280.196
619.088	280.264
619.238	280.332
619.388	280.4
619.538	280.468
619.688	280.536
619.838	280.603
619.987	280.671
620.137	280.739
620.287	280.807
620.437	280.875
620.587	280.943
620.737	281.011
620.887	281.079
621.037	281.146
621.187	281.214
621.337	281.282
621.487	281.35
621.636	281.418
621.786	281.486
621.936	281.554
622.086	281.622
622.236	281.689
622.386	281.757
622.536	281.825
622.686	281.893
622.836	281.961
622.986	282.029
623.136	282.097
623.285	282.165
623.435	282.232
623.585	282.3
623.735	282.368
623.885	282.436
624.035	282.504
624.185	282.572
624.335	282.64
624.485	282.708
624.635	282.775
624.785	282.843
624.935	282.911
625.084	282.979
625.234	283.047
625.384	283.115
625.534	283.183
625.684	283.251
625.834	283.319
625.984	283.386
626.134	283.454
626.284	283.522
626.434	283.59
626.584	283.658
626.733	283.726
626.883	283.794
627.033	283.862
627.183	283.929
627.333	283.997
627.483	284.065
627.633	284.133
627.783	284.201
627.933	284.269
628.083	284.337
628.233	284.405
628.383	284.472
628.532	284.54
628.682	284.608
628.832	284.676
628.982	284.744
629.132	284.812
629.282	284.88
629.432	284.948
629.582	285.015
629.732	285.083
629.882	285.151
630.032	285.219
630.181	285.287
630.331	285.355
630.481	285.423
630.631	285.491
630.781	285.558
630.931	285.626
631.081	285.694
631.231	285.762
631.381	285.83
631.531	285.898
631.681	285.966
631.83	286.034
631.98	286.101
632.13	286.169
632.28	286.237
632.43	286.305
632.58	286.373
632.73	286.441
632.88	286.509
633.03	286.577
633.18	286.644
633.33	286.712
633.48	286.78
633.629	286.848
633.779	286.916
633.929	286.984
634.079	287.052
634.229	287.12
634.379	287.187
634.529	287.255
634.679	287.323
634.829	287.391
634.979	287.459
635.129	287.527
635.278	287.595
635.428	287.663
635.578	287.73
635.728	287.798
635.878	287.866
636.028	287.934
636.178	288.002
636.328	288.07
636.478	288.138
636.628	288.206
636.778	288.273
636.927	288.341
637.077	288.409
637.227	288.477
637.377	288.545
637.527	288.613
637.677	288.681
637.827	288.749
637.977	288.816
638.127	288.884
638.277	288.952
638.427	289.02
638.577	289.088
638.726	289.156
638.876	289.224
639.026	289.292
639.176	289.359
639.326	289.427
639.476	289.495
639.626	289.563
639.776	289.631
639.926	289.699
640.076	289.767
640.226	289.835
640.375	289.902
640.525	289.97
640.675	290.038
640.825	290.106
640.975	290.174
641.125	290.242
641.275	290.31
641.425	290.378
641.575	290.445
641.725	290.513
641.875	290.581
642.025	290.649
642.174	290.717
642.324	290.785
642.474	290.853
642.624	290.921
642.774	290.988
642.924	291.056
643.074	291.124
643.224	291.192
643.374	291.26
643.524	291.328
643.674	291.396
643.823	291.464
643.973	291.532
644.123	291.599
644.273	291.667
644.423	291.735
644.573	291.803
644.723	291.871
644.873	291.939
645.023	292.007
645.173	292.075
645.323	292.142
645.472	292.21
645.622	292.278
645.772	292.346
645.922	292.414
646.072	292.482
646.222	292.55
646.372	292.618
646.522	292.685
646.672	292.753
646.822	292.821
646.972	292.889
647.122	292.957
647.271	293.025
647.421	293.093
647.571	293.161
647.721	293.228
647.871	293.296
648.021	293.364
648.171	293.432
648.321	293.5
648.471	293.568
648.621	293.636
648.771	293.704
648.92	293.771
649.07	293.839
649.22	293.907
649.37	293.975
649.52	294.043
649.67	294.111
649.82	294.179
649.97	294.247
650.12	294.314
650.27	294.382
650.42	294.45
650.569	294.518
650.719	294.586
650.869	294.654
651.019	294.722
651.169	294.79
651.319	294.857
651.469	294.925
651.619	294.993
651.769	295.061
651.919	295.129
652.069	295.197
652.219	295.265
652.368	295.333
652.518	295.4
652.668	295.468
652.818	295.536
652.968	295.604
653.118	295.672
653.268	295.74
653.418	295.808
653.568	295.876
653.718	295.943
653.868	296.011
654.017	296.079
654.167	296.147
654.317	296.215
654.467	296.283
654.617	296.351
654.767	296.419
654.917	296.486
655.067	296.554
655.217	296.622
655.367	296.69
655.517	296.758
655.667	296.826
655.816	296.894
655.966	296.962
656.116	297.029
656.266	297.097
656.416	297.165
656.566	297.233
656.716	297.301
656.866	297.369
657.016	297.437
657.166	297.505
657.316	297.572
657.465	297.64
657.615	297.708
657.765	297.776
657.915	297.844
658.065	297.912
658.215	297.98
658.365	298.048
658.515	298.115
658.665	298.183
658.815	298.251
658.965	298.319
659.114	298.387
659.264	298.455
659.414	298.523
659.564	298.591
659.714	298.658
659.864	298.726
660.014	298.794
660.164	298.862
660.314	298.93
660.464	298.998
660.614	299.066
660.764	299.134
660.913	299.201
661.063	299.269
661.213	299.337
661.363	299.405
661.513	299.473
661.663	299.541
661.813	299.609
661.963	299.677
662.113	299.745
662.263	299.812
662.413	299.88
662.562	299.948
662.712	300.016
662.862	300.084
663.012	300.152
663.162	300.22
663.312	300.288
663.462	300.355
663.612	300.423
663.762	300.491
663.912	300.559
664.062	300.627
664.211	300.695
664.361	300.763
664.511	300.831
664.661	300.898
664.811	300.966
664.961	301.034
665.111	301.102
665.261	301.17
665.411	301.238
665.561	301.306
665.711	301.374
665.861	301.441
666.01	301.509
666.16	301.577
666.31	301.645
666.46	301.713
666.61	301.781
666.76	301.849
666.91	301.917
667.06	301.984
667.21	302.052
667.36	302.12
667.51	302.188
667.659	302.256
667.809	302.324
667.959	302.392
668.109	302.46
668.259	302.527
668.409	302.595
668.559	302.663
668.709	302.731
668.859	302.799
669.009	302.867
669.159	302.935
669.309	303.003
669.458	303.07
669.608	303.138
669.758	303.206
669.908	303.274
670.058	303.342
670.208	303.41
670.358	303.478
670.508	303.546
670.658	303.613
670.808	303.681
670.958	303.749
671.107	303.817
671.257	303.885
671.407	303.953
671.557	304.021
671.707	304.089
671.857	304.156
672.007	304.224
672.157	304.292
672.307	304.36
672.457	304.428
672.607	304.496
672.756	304.564
672.906	304.632
673.056	304.699
673.206	304.767
673.356	304.835
673.506	304.903
673.656	304.971
673.806	305.039
673.956	305.107
674.106	305.175
674.256	305.242
674.406	305.31
674.555	305.378
674.705	305.446
674.855	305.514
675.005	305.582
675.155	305.65
675.305	305.718
675.455	305.785
675.605	305.853
675.755	305.921
675.905	305.989
676.055	306.057
676.204	306.125
676.354	306.193
676.504	306.261
676.654	306.328
676.804	306.396
676.954	306.464
677.104	306.532
677.254	306.6
677.404	306.668
677.554	306.736
677.704	306.804
677.853	306.871
678.003	306.939
678.153	307.007
678.303	307.075
678.453	307.143
678.603	307.211
678.753	307.279
678.903	307.347
679.053	307.414
679.203	307.482
679.353	307.55
679.503	307.618
679.652	307.686
679.802	307.754
679.952	307.822
680.102	307.89
680.252	307.958
680.402	308.025
680.552	308.093
680.702	308.161
680.852	308.229
681.002	308.297
681.152	308.365
681.301	308.433
681.451	308.501
681.601	308.568
681.751	308.636
681.901	308.704
682.051	308.772
682.201	308.84
682.351	308.908
682.501	308.976
682.651	309.044
682.801	309.111
682.951	309.179
683.1	309.247
683.25	309.315
683.4	309.383
683.55	309.451
683.7	309.519
683.85	309.587
684	309.654
684.15	309.722
684.3	309.79
684.45	309.858
684.6	309.926
684.749	309.994
684.899	310.062
685.049	310.13
685.199	310.197
685.349	310.265
685.499	310.333
685.649	310.401
685.799	310.469
685.949	310.537
686.099	310.605
686.249	310.673
686.398	310.74
686.548	310.808
686.698	310.876
686.848	310.944
686.998	311.012
687.148	311.08
687.298	311.148
687.448	311.216
687.598	311.283
687.748	311.351
687.898	311.419
688.048	311.487
688.197	311.555
688.347	311.623
688.497	311.691
688.647	311.759
688.797	311.826
688.947	311.894
689.097	311.962
689.247	312.03
689.397	312.098
689.547	312.166
689.697	312.234
689.846	312.302
689.996	312.369
690.146	312.437
690.296	312.505
690.446	312.573
690.596	312.641
690.746	312.709
690.896	312.777
691.046	312.845
691.196	312.912
691.346	312.98
691.495	313.048
691.645	313.116
691.795	313.184
691.945	313.252
692.095	313.32
692.245	313.388
692.395	313.455
692.545	313.523
692.695	313.591
692.845	313.659
692.995	313.727
693.145	313.795
693.294	313.863
693.444	313.931
693.594	313.998
693.744	314.066
693.894	314.134
694.044	314.202
694.194	314.27
694.344	314.338
694.494	314.406
694.644	314.474
694.794	314.541
694.943	314.609
695.093	314.677
695.243	314.745
695.393	314.813
695.543	314.881
695.693	314.949
695.843	315.017
695.993	315.084
696.143	315.152
696.293	315.22
696.443	315.288
696.593	315.356
696.742	315.424
696.892	315.492
697.042	315.56
697.192	315.627
697.342	315.695
697.492	315.763
697.642	315.831
697.792	315.899
697.942	315.967
698.092	316.035
698.242	316.103
698.391	316.17
698.541	316.238
698.691	316.306
698.841	316.374
698.991	316.442
699.141	316.51
699.291	316.578
699.441	316.646
699.591	316.714
699.741	316.781
699.891	316.849
700.04	316.917
700.19	316.985
700.34	317.053
700.49	317.121
700.64	317.189
700.79	317.257
700.94	317.324
701.09	317.392
701.24	317.46
701.39	317.528
701.54	317.596
701.69	317.664
701.839	317.732
701.989	317.8
702.139	317.867
702.289	317.935
702.439	318.003
702.589	318.071
702.739	318.139
702.889	318.207
703.039	318.275
703.189	318.343
703.339	318.41
703.488	318.478
703.638	318.546
703.788	318.614
703.938	318.682
704.088	318.75
704.238	318.818
704.388	318.886
704.538	318.953
704.688	319.021
704.838	319.089
704.988	319.157
705.137	319.225
705.287	319.293
705.437	319.361
705.587	319.429
705.737	319.496
705.887	319.564
706.037	319.632
706.187	319.7
706.337	319.768
706.487	319.836
706.637	319.904
706.787	319.972
706.936	320.039
707.086	320.107
707.236	320.175
707.386	320.243
707.536	320.311
707.686	320.379
707.836	320.447
707.986	320.515
708.136	320.582
708.286	320.65
708.436	320.718
708.585	320.786
708.735	320.854
708.885	320.922
709.035	320.99
709.185	321.058
709.335	321.125
709.485	321.193
709.635	321.261
709.785	321.329
709.935	321.397
710.085	321.465
710.235	321.533
710.384	321.601
710.534	321.668
710.684	321.736
710.834	321.804
710.984	321.872
711.134	321.94
